사투리,표준어
그래 그러면 우리가 이제,그래 그러면 우리가 이제
삼 학년이고 이제 졸업할 때까지 일 년밖에 안 됐으니까,삼 학년이고 이제 졸업할 때까지 일 년밖에 안 됐으니까
진로를 포함해서 사실 진로랑 꿈이랑은 쪼끔 다른 목적 이라고 해야 되나 다른 계열이잖아.,진로를 포함해서 사실 진로랑 꿈이랑은 조금 다른 목적 이라고 해야 되나 다른 계열이잖아.
그러니까 둘 다 얘기를 해보자 그래서 일단 진로 얘기를 먼저 하자면,그러니까 둘 다 얘기를 해보자 그래서 일단 진로 얘기를 먼저 하자면
나는 아무래도 과가 별로 막 취업에 있어서 메리트 있는 과는 아니란 말야.,나는 아무래도 과가 별로 막 취업에 있어서 메리트 있는 과는 아니란 말야.
그렇다고 해서 막 못 먹고 사는 과는 아닌데,그렇다고 해서 막 못 먹고 사는 과는 아닌데
그렇다고 해서 막 대기업이나 아니면 공기업 같은 선호되는 직장에서,그렇다고 해서 막 대기업이나 아니면 공기업 같은 선호되는 직장에서
많이 채용해주는 과도 아니다 보니까 그래서 내가 약간,많이 채용해주는 과도 아니다 보니까 그래서 내가 약간
경영이나 경제 같은 거를 복전할려고 많이 생각을 해봤는데 일단 경영은 학점이 안 돼서 신청도 못 하겠고,경영이나 경제 같은 거를 복전할려고 많이 생각을 해봤는데 일단 경영은 학점이 안 돼서 신청도 못 하겠고
경제통상은 신청하면은 될 거 같긴 하거든 근데,경제통상은 신청하면은 될 거 같긴 하거든 근데
경제통상은 아무래도 수학을 많이 다루는,경제통상은 아무래도 수학을 많이 다루는
쪽이고 통계도 같이 공부를 해야 되니까 자신이 없는 거야 그리고 내가 예전에 알던 지인이 한 번 경,쪽이고 통계도 같이 공부를 해야 되니까 자신이 없는 거야 그리고 내가 예전에 알던 지인이 한 번 경
그 사람도 인문대였는데 그 사람은 동 독어독문학과였는데,그 사람도 인문대였는데 그 사람은 동 독어독문학과였는데
경제통상을 한 번 복전을 해보고 자기가 너무,경제통상을 한 번 복전을 해보고 자기가 너무
어려워서 그걸 포기했다고 하더라고 근데 그게 약간 딱 듣자마자 나의 미래일 것 같은 느낌적인 느낌이 드는 거지.,어려워서 그걸 포기했다고 하더라고 근데 그게 약간 딱 듣자마자 나의 미래일 것 같은 느낌적인 느낌이 드는 거지.
그래서 그냥 자격증 같은 걸로 조금 모자란 스펙을 메꾸고,그래서 그냥 자격증 같은 걸로 조금 모자란 스펙을 메꾸고
경영은 부전공 정도로만 지금 하고 있어 지금 하고 있는데 그래서 일단,경영은 부전공 정도로만 지금 하고 있어 지금 하고 있는데 그래서 일단
내년에 휴학을 할 거니까 휴학을 하고 일단 나의 바람은 토익을 따고 그러고 기본적인 습,내년에 휴학을 할 거니까 휴학을 하고 일단 나의 바람은 토익을 따고 그러고 기본적인 습
자격증이랑 스펙 같은 거 한국사나 컴활을 따놓고 거기에서 무역영어도 따면 좋은 거고,자격증이랑 스펙 같은 거 한국사나 컴활을 따놓고 거기에서 무역영어도 따면 좋은 거고
그~ 토익 공부하면서 오픽도 같이 공부를 하려고 하는데 그래서 이렇게만 얘기만 하면은 쉽겠지만 막상 하려면은 어려우니까 일단,그~ 토익 공부하면서 오픽도 같이 공부를 하려고 하는데 그래서 이렇게만 얘기만 하면은 쉽겠지만 막상 하려면은 어려우니까 일단
내년의 목표는 그거야 그래서 그렇게 많은 쪼끔 준비를 해서 공기업 같은 곳에,내년의 목표는 그거야 그래서 그렇게 많은 조금 준비를 해서 공기업 같은 곳에
넣어보고 왜냐면 내가 내 목표가 공공기관을 가는 거니까,넣어보고 왜냐하면 내가 내 목표가 공공기관을 가는 거니까
그런 거에 신청을 해보고 근데 잘 되면 좋겠지만 안 될 가능성도 사실 적지는 않잖아.,그런 거에 신청을 해보고 근데 잘 되면 좋겠지만 안 될 가능성도 사실 적지는 않잖아.
그래서 나는 내 주변에 이제 우리 과 특성 상,그래서 나는 내 주변에 이제 우리 과 특성 상
공무원 시험을 준비하는 사람이 진짜 많단 말이야 엄청 많아 이제 내,공무원 시험을 준비하는 사람이 진짜 많단 말이야 엄청 많아 이제 내
동기의 거의 대부분이 다 아~ 나는 뭐~ 공시 준비할 거다라는 얘기를 하고,동기의 거의 대부분이 다 아~ 나는 뭐~ 공시 준비할 거다라는 얘기를 하고
그리고 실제로 이제 휴학을 해서 준비하는 사람들도 많이 생기다 보니까 생각을 아예 안 해 본 건 아닌데,그리고 실제로 이제 휴학을 해서 준비하는 사람들도 많이 생기다 보니까 생각을 아예 안 해 본 건 아닌데
내가 한국 고등학교를 나오지 않았으니까 그 체계를 따른 사람들이 모두 다 겪는 것처럼 한 번,내가 한국 고등학교를 나오지 않았으니까 그 체계를 다른 사람들이 모두 다 겪는 것처럼 한 번
수능이라는 시험이 되게 사실 큰 시험이잖아 인생에 있어서 근데 그거를 경험해 보지 않았으니까 자신이 없는 거야.,수능이라는 시험이 되게 사실 큰 시험이잖아 인생에 있어서 근데 그거를 경험해 보지 않았으니까 자신이 없는 거야.
그~ 왜냐하면 그만큼 혹은 오히려 더 빡센 시험이 공무원 시험이니까.,그~ 왜냐하면 그만큼 혹은 오히려 더 빡센 시험이 공무원 시험이니까.
근데 나도 그렇게 생각을 하고 그리고 우리 부모님도 그렇게 생각을 하더라고 그래서 약간 시간을 많이 낭비할 것 같다,근데 나도 그렇게 생각을 하고 그리고 우리 부모님도 그렇게 생각을 하더라고 그래서 약간 시간을 많이 낭비할 것 같다
그러고 결론적으로 되면 좋겠지만 결론적으로 막 백퍼센트 붙을 거란 확신이 없다 보니까 부모님도 그렇고 나도 그렇고,그리고 결론적으로 되면 좋겠지만 결론적으로 막 백퍼센트 붙을 거란 확신이 없다 보니까 부모님도 그렇고 나도 그렇고
자신이 없어서 그냥 시도를 안 하게 되는 쪽으로 가는 거 같애 그래서 나는 일단 진로는 공공기관이나 공기업에,자신이 없어서 그냥 시도를 안 하게 되는 쪽으로 가는 거 같애 그래서 나는 일단 진로는 공공기관이나 공기업에
취업을 하면 하는 게 일단 지금으로써의 목표긴 한데 근데 또 그런 진로 목표를 뒤로 하고,취업을 하면 하는 게 일단 지금으로써의 목표긴 한데 근데 또 그런 진로 목표를 뒤로 하고
내 꿈을 얘기하면 나는 내가 하고 싶은 일은 창업을 해보고 싶,내 꿈을 얘기하면 나는 내가 하고 싶은 일은 창업을 해보고 싶
그래서 난 내가 내가 피어싱을 되게 좋아하잖아 그리고 피어싱 시장이,그래서 난 내가 내가 피어싱을 되게 좋아하잖아 그리고 피어싱 시장이
서울 같은 쪽에는 되게 경쟁도 치열하고 그런 샵이 어느 동네를 가든지 한두 군데씩 꼭 있단 말이야.,서울 같은 쪽에는 되게 경쟁도 치열하고 그런 샵이 어느 동네를 가든지 한두 군데씩 꼭 있단 말이야.
근데 나는 솔직히 수도권에 살고 싶은 마음이 없거든.,근데 나는 솔직히 수도권에 살고 싶은 마음이 없거든.
왜냐하면 살아보지 않아서 그런 메리트를 못 느꼈기 때문에 이렇게 생각하는 거일 수도 있겠지만 나는 서울에서 얻는,왜냐하면 살아보지 않아서 그런 메리트를 못 느꼈기 때문에 이렇게 생각하는 거일 수도 있겠지만 나는 서울에서 얻는
메리트 그~ 인프라의 메리트보다는 지방에서 쪼끔 더 여유롭게,메리트 그~ 인프라의 메리트보다는 지방에서 조금 더 여유롭게
집값도 훨씬 싸고 물가도 싸니까 그런 측면이 나한텐 더 좋게 다가오더라고,집값도 훨씬 싸고 물가도 싸니까 그런 측면이 나한텐 더 좋게 다가오더라고
이게 내가 완전 소도시에서 살다 와서 그런 걸 수도 있는데 그래서 암튼 나는 수도권에 살 생각이 없다 보니까,이게 내가 완전 소도시에서 살다 와서 그런 걸 수도 있는데 그래서 암튼 나는 수도권에 살 생각이 없다 보니까
이런 지방 같은 데 우리가 지금 살고 있는 대구만 보더라도,이런 지방 같은 데 우리가 지금 살고 있는 대구만 보더라도
대구는 약간 그래도 아직까지는 피어싱 샵이 지금은 블루오션 상태야.,대구는 약간 그래도 아직까지는 피어싱 샵이 지금은 블루오션 상태야.
예전만큼 아주 블루오션은 아니겠지만,예전만큼 아주 블루오션은 아니겠지만
생각해보면 동성로에 유명한 피어싱 샵이 딱 두 군데 있단 말이야 딱 두 군데를 제외하고는,생각해보면 동성로에 유명한 피어싱 샵이 딱 두 군데 있단 말이야 딱 두 군데를 제외하고는
왜 우리 지금 학교 근처에도 없잖아 학교 근처에도 없고,왜 우리 지금 학교 근처에도 없잖아 학교 근처에도 없고
따른 곳에 있다고 하더라도 거의 다 귀만 뚫어주는 곳이잖아 그치 그런 걸 생각해보면 진짜,다른 곳에 있다고 하더라도 거의 다 귀만 뚫어주는 곳이잖아 그치 그런 걸 생각해보면 진짜
사업적인 요소로도 괜찮다고 생각을 하거든.,사업적인 요소로도 괜찮다고 생각을 하거든.
그리고 내가 일 학년 때는 약간 뭘 몰라가지고 지도 교수님이 그래서 넌 하고 싶은 게 뭐냐고 했을 때 내가 이걸 하고 싶다고 얘길 했어.,그리고 내가 일 학년 때는 약간 뭘 몰라가지고 지도 교수님이 그래서 넌 하고 싶은 게 뭐냐고 했을 때 내가 이걸 하고 싶다고 얘길 했어.
피어싱을 근데 지금은 약간,피어싱을 근데 지금은 약간
쪼끔 고학년이 돼서 눈치를  보이니까 조금 현실적이게 대답을 하는데 근데 일 학년 때는 아무것도 모르고,조금 고학년이 돼서 눈치를  보이니까 조금 현실적이게 대답을 하는데 근데 일 학년 때는 아무것도 모르고
그 얘길 했는데 지도교수님이 되게 괜찮게 봐주시더라구,그 얘길 했는데 지도교수님이 되게 괜찮게 봐주시더라구
그래서 그~ 지도 교수님이 나한테 무슨 말을 했냐면 그~ 니가 생각하는 그~ 피어싱 시장은 앞으로 점점 더 커질 일만 있지,그래서 그~ 지도 교수님이 나한테 무슨 말을 했냐면 그~ 너가 생각하는 그~ 피어싱 시장은 앞으로 점점 더 커질 일만 있지
절대로 점점 짝아질 일이 없다고 하는 거야 근데 내가 그 말을 듣고 되게 맞는 말 같다고 생각을 했거든 그래서 젊은 사람들도 그렇고,절대로 점점 작아질 일이 없다고 하는 거야 근데 내가 그 말을 듣고 되게 맞는 말 같다고 생각을 했거든 그래서 젊은 사람들도 그렇고
피어싱을 뚫으려는 사람들이 점점 많아지고 있는 추세잖아 그리고 젊은 사람을 배제하고서라도,피어싱을 뚫으려는 사람들이 점점 많아지고 있는 추세잖아 그리고 젊은 사람을 배제하고서라도
쫌 나이가 드신 분들도 이제 하나씩 한 귀 같은 거 보면 귓바퀴라든지 그런 거에 한두 군데씩 다 있잖아 그리구,조금 나이가 드신 분들도 이제 하나씩 한 귀 같은 거 보면 귓바퀴라든지 그런 거에 한두 군데씩 다 있잖아 그리고
내가 피어싱을 좋아해서 그런 피어싱류를 받으러 자주 거기 샵에 왔다갔다 하는 입장으로서 느끼는 게 진짜 뭐냐면,내가 피어싱을 좋아해서 그런 피어싱류를 받으러 자주 거기 샵에 왔다갔다 하는 입장으로서 느끼는 게 진짜 뭐냐면
피어싱을 뚫는 게 왜 내가 막 얼굴 여러 군데 피어싱이 되게 많았잖아 지금 거의 다 빼긴 했는데 근데 그거를 뚫는데 진짜,피어싱을 뚫는 게 왜 내가 막 얼굴 여러 군데 피어싱이 되게 많았잖아 지금 거의 다 빼긴 했는데 근데 그거를 뚫는데 진짜
준비하는데 십 초 한 그분들이 장갑 끼고,준비하는데 십 초 한 그분들이 장갑 끼고
일회용 뭐~ 바늘이라든지 아니면 그런 거를 꺼내는데 진짜 십 초 정도 들고 그거를 뚫는 거는 한 일 분 정도 걸려,일회용 뭐~ 바늘이라든지 아니면 그런 거를 꺼내는데 진짜 십 초 정도 들고 그거를 뚫는 거는 한 일 분 정도 걸려
근데 가격은 최소 만 원에서 만 오천 원이고 비싸면 오만원까지 올라간단 말야.,근데 가격은 최소 만 원에서 만 오천 원이고 비싸면 오만원까지 올라간단 말야.
그리고 내가 며칠 전에 이번 주말 아~ 지난 주말에 피어싱을 하나 더 뚫었거든 내 귀에 근데 이게 약간,그리고 내가 며칠 전에 이번 주말 아~ 지난 주말에 피어싱을 하나 더 뚫었거든 내 귀에 근데 이게 약간
볼이랑 내 귀 사이에 있는 특수부위라서 이것도 돈을 꽤 줬어 삼만팔천원인데 이것도 진짜 뚫는데,볼이랑 내 귀 사이에 있는 특수부위라서 이것도 돈을 꽤 줬어 삼만팔천원인데 이것도 진짜 뚫는데
일 분 정도밖에 안 걸린 거야 그럼 그~ 피어싱 샵 주인분 입장에서는 자기가 가진 능력으로,일 분 정도밖에 안 걸린 거야 그럼 그~ 피어싱 샵 주인분 입장에서는 자기가 가진 능력으로
그~ 앉은 자리에서 그니까 일 분 만에 바로 삼만 팔천원이라는 어떻게 보면 음식점으로 치자면,그~ 앉은 자리에서 그러니까 일 분 만에 바로 삼만 팔천원이라는 어떻게 보면 음식점으로 치자면
한 사인분 정도는 돼야지 삼만 사만팔천원 삼만팔천원이 나오잖아 근데 그거를 진짜 일 분 만에 뚫으시고 또 내가,한 사인분 정도는 돼야지 삼만 사만팔천원 삼만팔천원이 나오잖아 근데 그거를 진짜 일 분 만에 뚫으시고 또 내가
내가 이렇게 피어싱 다 하고 나니까 거기 손님이 갑자기 한 여섯 명 정도가 갑자기 막 밀려 드는 거야.,내가 이렇게 피어싱 다 하고 나니까 거기 손님이 갑자기 한 여섯 명 정도가 갑자기 막 밀려 드는 거야.
그래서 그분들도 이렇게 다 한 진짜 십 분에서 이십 분 내로 그분들을 다 상대하실 수 있거든.,그래서 그분들도 이렇게 다 한 진짜 십 분에서 이십 분 내로 그분들을 다 상대하실 수 있거든.
그런 거 생각해봤을 때 되게 유동성도 좋은 시장이라고 생각해서 난 되게 긍정적으로 보고 있단 말야.,그런 거 생각해봤을 때 되게 유동성도 좋은 시장이라고 생각해서 난 되게 긍정적으로 보고 있단 말야.
그래서 나는 이 내가 하고 싶은 창업에 빨리 이왕이면 빨리 뛰어들고 싶은 마음이 있는 거지 왜냐하면 지금 피어싱샵,그래서 나는 이 내가 하고 싶은 창업에 빨리 이왕이면 빨리 뛰어들고 싶은 마음이 있는 거지 왜냐하면 지금 피어싱샵
특히 지방에서는 은 약간 블루오션 시장이니까 그래서 마음 같아선,특히 지방에서는 은 약간 블루오션 시장이니까 그래서 마음 같아선
그거를 대출이라도 받아서 빨리 시작하고 싶은데 부모님 입장에서는 또,그거를 대출이라도 받아서 빨리 시작하고 싶은데 부모님 입장에서는 또
이제 부모님은 아무래도 쪼끔 기성세대고 하시다 보니까 그거를 긍정적으로,이제 부모님은 아무래도 조금 기성세대고 하시다 보니까 그거를 긍정적으로
보실 수가 없는 거지 왜냐하면 사실 좀 그~ 타투나 피어싱에 대한,보실 수가 없는 거지 왜냐하면 사실 좀 그~ 타투나 피어싱에 대한
편견이 많이 자리 잡고 있잖아 우리나라 사회에서는 그렇기 때문에,편견이 많이 자리 잡고 있잖아 우리나라 사회에서는 그렇기 때문에
뭐~ 내가 음식점을 차리고 싶다 이렇게 얘기하는 거랑,뭐~ 내가 음식점을 차리고 싶다 이렇게 얘기하는 거랑
아니면 내가 피어싱 샵을 차리고 싶다 이렇게 얘기하는 거는 부모님들한테 있어서는 약간 다르게 다가,아니면 내가 피어싱 샵을 차리고 싶다 이렇게 얘기하는 거는 부모님들한테 있어서는 약간 다르게 다가
오시는 것 같더라고 그래서 반대를 하시고 또 약간 사실 사업을 시작한다는 게 쉬운 일은 아니잖아 그게 다,오시는 것 같더라고 그래서 반대를 하시고 또 약간 사실 사업을 시작한다는 게 쉬운 일은 아니잖아 그게 다
뭐~ 약간 시장경제 같은 것도 다 분석을 해야 되고 지리적인 요건이라든지 아니면 트렌드도 다 감안을 해야 되는 거니까,뭐~ 약간 시장경제 같은 것도 다 분석을 해야 되고 지리적인 요건이라든지 아니면 트렌드도 다 감안을 해야 되는 거니까
그거를 마냥 내가 졸업하고 나서 손을 벌려서 부모님한테 지원을 해 달라고 할 수는 없는 입장이니까 그래서 나의,그거를 마냥 내가 졸업하고 나서 손을 벌려서 부모님한테 지원을 해 달라고 할 수는 없는 입장이니까 그래서 나의
꿈은 그게 내가 한 삼십대 중 후반이 되더라도 그거를 시도는 해보고 싶어.,꿈은 그게 내가 한 삼십대 중 후반이 되더라도 그거를 시도는 해보고 싶어.
그게 막 얼마나 갈지는 모르겠는데 그걸 안 해보면 내가 나중에 진짜 나이가 들어서 이제 한,그게 막 얼마나 갈지는 모르겠는데 그걸 안 해보면 내가 나중에 진짜 나이가 들어서 이제 한
한 육십대 칠십대 그~ 노년기에 접어들었을 때는,한 육십대 칠십대 그~ 노년기에 접어들었을 때는
막 손도 떨리고 눈도 침침해서 그런 걸 못할 거 아냐 왜냐하면 약간 사람 몸에 상해를 입히는 직업이다 보니까,막 손도 떨리고 눈도 침침해서 그런 걸 못할 거 아냐 왜냐하면 약간 사람 몸에 상해를 입히는 직업이다 보니까
근데 나 그 나이 때 돼가지고 안 한 걸 너무 후회할 거 같애 죽기 전에,근데 나 그 나이 때 돼가지고 안 한 걸 너무 후회할 거 같애 죽기 전에
그거 약간 중 고등학교 때부터 그걸 하고 싶단 생각이 들더라고 그래서,그거 약간 중 고등학교 때부터 그걸 하고 싶단 생각이 들더라고 그래서
어떻게 보면은 그때 당시엔 구체화돼 있지는 않았지만 이게 나이를 점점 더 먹어가고 졸업이 가까워질수록 쪼끔씩,어떻게 보면은 그때 당시엔 구체화돼 있지는 않았지만 이게 나이를 점점 더 먹어가고 졸업이 가까워질수록 조금씩
더 구체화가 되고 있는데 이거를 안 해보고,더 구체화가 되고 있는데 이거를 안 해보고
뭐~ 사업의 흥망을 떠나서 안 해보면은 나중에 너무 후회를 할 것 같다는 생각이 들더라구 그래서,뭐~ 사업의 흥망을 떠나서 안 해보면은 나중에 너무 후회를 할 것 같다는 생각이 들더라구 그래서
뭐~ 한 번은 잘 안 되더라도 그래도 시도를 해보고 싶 미련보다는 난 후회가 낫다고 생각하거든.,뭐~ 한 번은 잘 안 되더라도 그래도 시도를 해보고 싶 미련보다는 난 후회가 낫다고 생각하거든.
그걸 해보고 싶어 그~ 나의 목표는 그래서,그걸 해보고 싶어 그~ 나의 목표는 그래서
안정적인 직장에 들어가서 한 십 년 덜 되게 돈을 모아서 내 창업을 시작하는 거지.,안정적인 직장에 들어가서 한 십 년 덜 되게 돈을 모아서 내 창업을 시작하는 거지.
그게 일단 내가 지금 생각하고 있는 내 꿈인 거 같애.,그게 일단 내가 지금 생각하고 있는 내 꿈인 거 같애.
하긴 나도 근데 나는 약간 꿈이라고,하긴 나도 근데 나는 약간 꿈이라고
약간 너는 진짜로 하고 싶은 일이 있잖아 근데 난 사실 그런 게 딱히 없고 막 하고 싶은 거,약간 너는 진짜로 하고 싶은 일이 있잖아 근데 난 사실 그런 게 딱히 없고 막 하고 싶은 거
그냥 평생 하면서 돈 받고 싶은 일이 뭐냐 이러면 난 게임인데 솔직히 내가 뭐~ 인터넷에서 게임방송을 하고 이런 건,그냥 평생 하면서 돈 받고 싶은 일이 뭐냐 이러면 난 게임인데 솔직히 내가 뭐~ 인터넷에서 게임방송을 하고 이런 건
별로 끌리지도 않고 뭔가 상상이 안 가 일단 내가 막,별로 끌리지도 않고 뭔가 상상이 안 가 일단 내가 막
그렇게 한다는 게 그래서 게임은 약간 취미로만 즐길 거 같고 근데 내가 옛날에 고등학교 때부터 뭔가 철학을 되게 좋아했거든 그래서,그렇게 한다는 게 그래서 게임은 약간 취미로만 즐길 거 같고 근데 내가 옛날에 고등학교 때부터 뭔가 철학을 되게 좋아했거든 그래서
나는 약간 대학교에서 철학 전공을 하면은 나는 그걸 되게 재미있어 하겠다,나는 약간 대학교에서 철학 전공을 하면은 나는 그걸 되게 재미있어 하겠다
뭔가 나한테 되게 적성이 잘 맞을 것 같다라고 생각을 해서 부전공을 했는데 이게 약간 내가 생각했던 것 보다는 쪼끔,뭔가 나한테 되게 적성이 잘 맞을 것 같다라고 생각을 해서 부전공을 했는데 이게 약간 내가 생각했던 것 보다는 조금
덜 재밌다고 해야 된 난 그니까 난 약간 교양 철학 수준의 철학을 좋아했던 거지.,덜 재밌다고 해야 된 난 그러니까 난 약간 교양 철학 수준의 철학을 좋아했던 거지.
이게 너무 딥하게 들어가니깐 아~ 이거는 내가 완전 진짜 진심으로 좋아하는 거는 아닌가 이런 생각이 드는 거야 근데 나는,이게 너무 딥하게 들어가니깐 아~ 이거는 내가 완전 진짜 진심으로 좋아하는 거는 아닌가 이런 생각이 드는 거야 근데 나는
약간 내가 진짜 좋아했던 생각했던 철학이 그렇게 나한테 받아들여지니까 갑자기 이렇게 생각이 드는 거야 그럼 내가 진짜로 좋아하는 거는,약간 내가 진짜 좋아했던 생각했던 철학이 그렇게 나한테 받아들여지니까 갑자기 이렇게 생각이 드는 거야 그럼 내가 진짜로 좋아하는 거는
그럼 뭘까 뭔가 없는 건가 이런 생각도 들기도 하고,그럼 뭘까 뭔가 없는 건가 이런 생각도 들기도 하고
약간 그래서 옛날에는 나도 내가 미래에 뭘 하고 살 거냐라고 물어보면은 그냥 별 생각 없이 이렇게 말했었거든,약간 그래서 옛날에는 나도 내가 미래에 뭘 하고 살 거냐라고 물어보면은 그냥 별 생각 없이 이렇게 말했었거든
갈 수 있으면 공기업에 들어가고 안 되면은 공무원 준비를 해서 공무원으로 합격해서 공무원으로 그냥 계속 살고 싶다,갈 수 있으면 공기업에 들어가고 안 되면은 공무원 준비를 해서 공무원으로 합격해서 공무원으로 그냥 계속 살고 싶다
그러다가 만약에 내가 외국에서 살고 싶어지면 모았던 돈을 들고 그냥,그러다가 만약에 내가 외국에서 살고 싶어지면 모았던 돈을 들고 그냥
워홀을 떠나서 외국에서 지내다가 올 거다 그냥 이렇게 말을 했는데,워홀을 떠나서 외국에서 지내다가 올 거다 그냥 이렇게 말을 했는데
약간 시간이 지나고 이제 진짜 취업을 준비를 해야 되고 이러니깐,약간 시간이 지나고 이제 진짜 취업을 준비를 해야 되고 이러니깐
내 목표가 뭔지 이런 거에 대해서 좀 생각을 하게 되더라고 근데 생각을 해보니까 뭔가 목표가 없는 것 같은 거야 내가 진짜,내 목표가 뭔지 이런 거에 대해서 좀 생각을 하게 되더라고 근데 생각을 해보니까 뭔가 목표가 없는 것 같은 거야 내가 진짜
배우면서 즐거웠던 과목이 사실 별로 없고 뭔가 내가 뭐~ 뭐~ 이런 직업이 진짜 갖고 싶다 이런 일을 하고 싶다 이런 게 없어.,배우면서 즐거웠던 과목이 사실 별로 없고 뭔가 내가 뭐~ 뭐~ 이런 직업이 진짜 갖고 싶다 이런 일을 하고 싶다 이런 게 없어.
그래서 요새 그게 쫌,그래서 요새 그게 조금
개인적으로 약간 고민거리 고민거리까지는 아인데 쫌 개인적으로 나 스스로한테 약간 좀 실망을 했다고 해야 되나 약간,개인적으로 약간 고민거리 고민거리까지는 아닌데 조금 개인적으로 나 스스로한테 약간 좀 실망을 했다고 해야 되나 약간
그런 거 같애 근데 뭐~ 사실 전공이랑 무관하지 않은 일을 하는 사람이 대부분이고,그런 거 같애 근데 뭐~ 사실 전공이랑 무관하지 않은 일을 하는 사람이 대부분이고
꿈이란 거를 찾는 건 되게 어려운 과정이니까 나도 그 과정 속에 있다고 생각하면서 위안을 삼기는 하지만,꿈이란 거를 찾는 건 되게 어려운 과정이니까 나도 그 과정 속에 있다고 생각하면서 위안을 삼기는 하지만
사실 같은 나이이거나 아니면은 나보다 비록 좀더 어린 나이인데도 자기가 하고 싶은 걸 찾아가지고,사실 같은 나이이거나 아니면은 나보다 비록 좀더 어린 나이인데도 자기가 하고 싶은 걸 찾아가지고
그거를 막 하면서 막 힘들어도,그거를 막 하면서 막 힘들어도
하고 싶어서 하는 사람들의 모습을 어쨌든 접하게 되잖아 그런 걸 보면,하고 싶어서 하는 사람들의 모습을 어쨌든 접하게 되잖아 그런 걸 보면
스스로에 대해서 좀 반성을 많이 하게 된다고 해야 되나 약간 나는 좀 하루하루 그냥,스스로에 대해서 좀 반성을 많이 하게 된다고 해야 되나 약간 나는 좀 하루하루 그냥
놀기만 놀고 뭔가를 진지하게 막 내가 막 시간을 들여서,놀기만 놀고 뭔가를 진지하게 막 내가 막 시간을 들여서
아~ 내가 이거를 이루려면 이렇게 해야 되니까 힘들어도 참고 이 시간을 내가 여기에 투자를 하자 이렇게 막,아~ 내가 이거를 이루려면 이렇게 해야 되니까 힘들어도 참고 이 시간을 내가 여기에 투자를 하자 이렇게 막
머리로는 알고 있는데 사실 실천이 잘 안 돼 근데 그거를 실천하고 뭔가 목표를 이뤄나가는 사람들을 보면 뭔가 너무 멋있어.,머리로는 알고 있는데 사실 실천이 잘 안 돼 근데 그거를 실천하고 뭔가 목표를 이뤄나가는 사람들을 보면 뭔가 너무 멋있어.
자기가 하고 싶다는 게 있는 거 자체가 그게 진짜 대단한 거 같애 그게,자기가 하고 싶다는 게 있는 거 자체가 그게 진짜 대단한 거 같애 그게
진짜 별 거 아니라고 생각할 수도 있는데 사실 본인을 잘 아는 게 되게 어렵잖아 본인이 뭘 좋아하고,진짜 별 거 아니라고 생각할 수도 있는데 사실 본인을 잘 아는 게 되게 어렵잖아 본인이 뭘 좋아하고
내가 뭐~ 어떤 취향을 갖고 있고 이런 건 사실 여러 가지를 접해보면서 서서히 쌓이는 뭔가,내가 뭐~ 어떤 취향을 갖고 있고 이런 건 사실 여러 가지를 접해보면서 서서히 쌓이는 뭔가
개인적인 빅데이터라고 생각하는데 그런 거를 되게 잘 알고 내가 하고 싶은 일이 뭔지를 알고 거기에 대해서 그걸 하기 위해서,개인적인 빅데이터라고 생각하는데 그런 거를 되게 잘 알고 내가 하고 싶은 일이 뭔지를 알고 거기에 대해서 그걸 하기 위해서
필요한 니즈를 추진하는 그런 사람 자체가 되게 멋있는 거 같아.,필요한 니즈를 추진하는 그런 사람 자체가 되게 멋있는 거 같아.
그리고 나는 오히려 좀더 비교되는 게 친구들은 쫌 직업이 다 있고 약간,그리고 나는 오히려 좀더 비교되는 게 친구들은 조금 직업이 다 있고 약간
뭐~ 직업이 물론 목표나 꿈은 아니겠지만 어쨌든 그런 걸 잘 되게 잘 맞아 하는 친구들이 주변에 많거든.,뭐~ 직업이 물론 목표나 꿈은 아니겠지만 어쨌든 그런 걸 잘 되게 잘 맞아 하는 친구들이 주변에 많거든.
그러면 그런 걸 보면은 약간 나는 쫌 조급한 느낌도 들고 그렇지 근데,그러면 그런 걸 보면은 약간 나는 조금 조급한 느낌도 들고 그렇지 근데
뭐~ 나도 약간 여러 가지로 해보고 취업 준비를 하면서 뭐~ 당장에는 꿈이 안 생기겠지만 어쨌든,뭐~ 나도 약간 여러 가지로 해보고 취업 준비를 하면서 뭐~ 당장에는 꿈이 안 생기겠지만 어쨌든
살아가면서 진짜 강렬하게 뭔가 내 인생을 바꿀 만큼 내가 하고 싶은 일이 생긴다면,살아가면서 진짜 강렬하게 뭔가 내 인생을 바꿀 만큼 내가 하고 싶은 일이 생긴다면
그거를 위해서 뭔가 다 그만두고 갈 수 있을 것 같기는 해 뭔가 진짜 무모하긴 한데,그거를 위해서 뭔가 다 그만두고 갈 수 있을 것 같기는 해 뭔가 진짜 무모하긴 한데
난 약간 내가 하고 싶은 게 생기면 무조건 해야 되는 성격이라서 나 진짜 갑자기 하고 싶은 거 생기면 그거를 도전할 거 같기는 해.,난 약간 내가 하고 싶은 게 생기면 무조건 해야 되는 성격이라서 나 진짜 갑자기 하고 싶은 거 생기면 그거를 도전할 거 같기는 해.
근데 참 그거를 찾는 과정이 정말 힘들 거라고 생각을 하는 거지.,근데 참 그거를 찾는 과정이 정말 힘들 거라고 생각을 하는 거지.
그리고 약간 나는 주변에 공무원 준비하는 친구도 있고 내가 하는 인터넷 커뮤니티나 아니면은,그리고 약간 나는 주변에 공무원 준비하는 친구도 있고 내가 하는 인터넷 커뮤니티나 아니면은
뭐~ 여기저기서 주변에 꼭 내 지인이 아니더라도 말을 많이 듣잖아 공무원 준비를 하는 사람들에 대해서 근데 예전에는,뭐~ 여기저기서 주변에 꼭 내 지인이 아니더라도 말을 많이 듣잖아 공무원 준비를 하는 사람들에 대해서 근데 예전에는
약간 취업이 힘들 때 힘들어서 공무원으로 몰리기 전에,약간 취업이 힘들 때 힘들어서 공무원으로 몰리기 전에
물론 지금도 그런 시선이 있을 수도 있어 약간 쫌 창업을 하거나 그런 사람들은 되게 진짜 청춘이다,물론 지금도 그런 시선이 있을 수도 있어 약간 조금 창업을 하거나 그런 사람들은 되게 진짜 청춘이다
뭔가 도전한다 이런 그런 시각이 있는데,뭔가 도전한다 이런 그런 시각이 있는데
공무원 준비를 하거나 그런 시험을 준비하는 사람들한테는 사실 그것도,공무원 준비를 하거나 그런 시험을 준비하는 사람들한테는 사실 그것도
그~ 며 하루의 대부분 시간을 공부를 하면서 보내는 그것도 진짜 엄청나게 힘든 도전인데도 불구하고 약간 그런,그~ 며 하루의 대부분 시간을 공부를 하면서 보내는 그것도 진짜 엄청나게 힘든 도전인데도 불구하고 약간 그런
시선이 없는 거 같더라고 약간 창업을 하고 막 자기가 뭔가 준비해서 뭐~ 뭐~ 스타트업을 한다거나 그런 사람들에 대해서는,시선이 없는 거 같더라고 약간 창업을 하고 막 자기가 뭔가 준비해서 뭐~ 뭐~ 스타트업을 한다거나 그런 사람들에 대해서는
진짜 대단하다 진짜 실패해도 뭔가 저렇게 부딪혀 보는 게 진짜 대단하다 이런 식으로,진짜 대단하다 진짜 실패해도 뭔가 저렇게 부딪혀 보는 게 진짜 대단하다 이런 식으로
시선을 보내면서 뭔가 시험을 준비하는 사람에 대해서는 되게 쫌 좀 심하게 말하면 약간 쫌,시선을 보내면서 뭔가 시험을 준비하는 사람에 대해서는 되게 조금 좀 심하게 말하면 약간 조금
뭐~ 한심하다 이런 식으로 생각을 하는 그런 분위기가 어느 정도 있잖아.,뭐~ 한심하다 이런 식으로 생각을 하는 그런 분위기가 어느 정도 있잖아.
난 그런 게 참 뭔가 보면서 마음이 좀 별 쫌 속상하고 그런 생각이 들었어.,난 그런 게 참 뭔가 보면서 마음이 좀 별 조금 속상하고 그런 생각이 들었어.
사실 자기가 뭔가 꿈을 못 찾아서 그냥 어영부영 남들 하는 대로 공무원 준비를 하는 거일 수도 있지만,사실 자기가 뭔가 꿈을 못 찾아서 그냥 어영부영 남들 하는 대로 공무원 준비를 하는 거일 수도 있지만
그거라도 하는 게 어디야 진짜 아무것도 안 하고 사는 사람도 많은데,그거라도 하는 게 어디야 진짜 아무것도 안 하고 사는 사람도 많은데
뭔가 목표라는 걸 정해서 그거를 성취하려고 어떻게든 해보려고 뭔가 아등바등 열심히 하는 사람들한테 쫌 그런 시선을 가지는,뭔가 목표라는 걸 정해서 그거를 성취하려고 어떻게든 해보려고 뭔가 아등바등 열심히 하는 사람들한테 조금 그런 시선을 가지는
그런 분위기가 만연해 있는 게 쫌 약간 별론 거 같더라고.,그런 분위기가 만연해 있는 게 조금 약간 별론 거 같더라고.
약간 그런 게 쫌 되게 없어져야 되는 것 중에 하나가 아닐까 이런 생각이 들었어.,약간 그런 게 조금 되게 없어져야 되는 것 중에 하나가 아닐까 이런 생각이 들었어.
목표 중에 공무원 시험이 있어서 그런 거에 대해서 좀더 와닿게 느꼈을 수도 있지만,목표 중에 공무원 시험이 있어서 그런 거에 대해서 좀더 와닿게 느꼈을 수도 있지만
어쨌든 간에 우리나라는 쫌 워라밸이라고 워크 일이랑 내 삶이라는 것에 대한 밸런스가 좀,어쨌든 간에 우리나라는 조금 워라밸이라고 워크 일이랑 내 삶이라는 것에 대한 밸런스가 좀
따른 선진국에 비해서는 쫌 밸런스가 덜 맞춰져 있잖아 근데 그런 걸 보면은,다른 선진국에 비해서는 조금 밸런스가 덜 맞춰져 있잖아 근데 그런 걸 보면은
뭔가 이렇게 팍팍한 사회에서도 목표를 찾아서 노력하는 사람들이 진짜 대단한 거 같고,뭔가 이렇게 팍팍한 사회에서도 목표를 찾아서 노력하는 사람들이 진짜 대단한 거 같고
그리고 뭔가 내가 만약에 내가 진짜 하고 싶은 걸 찾아서 내 꿈이라는 거에 대해서,그리고 뭔가 내가 만약에 내가 진짜 하고 싶은 걸 찾아서 내 꿈이라는 거에 대해서
내가 정말 찾았어 그러면은 그때는 뭔가 워라밸이고 뭐고,내가 정말 찾았어 그러면은 그때는 뭔가 워라밸이고 뭐야
일단 그거에 뭔가 매진을 하겠지 그런 거 근데 난 아직 그런 경험이 없으니까,일단 그거에 뭔가 매진을 하겠지 그런 거 근데 난 아직 그런 경험이 없으니까
그런 사람들이 되게 멋있는 거 같애 그리고 나는 또 내가 목표나 꿈 이런 걸 거창하게 되게 막,그런 사람들이 되게 멋있는 거 같애 그리고 나는 또 내가 목표나 꿈 이런 걸 거창하게 되게 막
아~ 무조건 내가 하고 싶은 거를 해야지 이런 식으로만 생각하는 건 아니고,아~ 무조건 내가 하고 싶은 거를 해야지 이런 식으로만 생각하는 건 아니고
약간 적당한 자기가 잘할 수 있는 그런 직종에 자기 꿈은 아니었지만 그냥 적당한 자기 밥벌이를 할 만한 수단을 가지고,약간 적당한 자기가 잘할 수 있는 그런 직종에 자기 꿈은 아니었지만 그냥 적당한 자기 밥벌이를 할 만한 수단을 가지고
노동을 자기 삶에 어느 정도 어~ 몇 퍼센트 정도는 노동에 할애하면서 자기 삶을 또 되게 잘 사는 워라밸을 잘 지키는 사람들이 있단 말야.,노동을 자기 삶에 어느 정도 어~ 몇 퍼센트 정도는 노동에 할애하면서 자기 삶을 또 되게 잘 사는 워라밸을 잘 지키는 사람들이 있단 말야.
난 그런 사람들도 막 진짜 꿈을 향해서 달려가서 가면서 막 열정 있게 사는 사람 못지않게 진짜 멋있다고 생각해.,난 그런 사람들도 막 진짜 꿈을 향해서 달려가서 가면서 막 열정 있게 사는 사람 못지않게 진짜 멋있다고 생각해.
그런 걸 하는 거 자체가 쉬운 게 아니니까 목표나 꿈 이렇게 하면 쫌 우울한 생각이 많이 들긴 하지만,그런 걸 하는 거 자체가 쉬운 게 아니니까 목표나 꿈 이렇게 하면 조금 우울한 생각이 많이 들긴 하지만
주변에 있는 다른 내 주변 사람들이나 뭐~ 인터넷에서 볼 수 있는 그런,주변에 있는 다른 내 주변 사람들이나 뭐~ 인터넷에서 볼 수 있는 그런
뭔가를 성취한 사람들의 그런 일화를 보면서 약간 마음을 다잡고 응 나도 좀더 노력해보자,뭔가를 성취한 사람들의 그런 일화를 보면서 약간 마음을 다잡고 응 나도 좀더 노력해보자
이런 생각을 요새 많이 하는 거 같애 난,이런 생각을 요새 많이 하는 거 같애 난
이게 언제부터 그렇게 된 건진 모르겠는데 왜냐하면 내가 어리다 보니까 그 전 일은 몰라서,이게 언제부터 그렇게 된 건진 모르겠는데 왜냐하면 내가 어리다 보니까 그 전 일은 몰라서
이게 가면 갈수록 이게 공무원 시험 준비를 하는 사람이 늘고 있는 건 사실이잖아 그것도 그렇고,이게 가면 갈수록 이게 공무원 시험 준비를 하는 사람이 늘고 있는 건 사실이잖아 그것도 그렇고
약간 우리나라는 공무원의 이 공무원들에 대한 안 좋은 인식이 너무 강한 것 같애.,약간 우리나라는 공무원의 이 공무원들에 대한 안 좋은 인식이 너무 강한 것 같애.
왜 우리 막 그런 말 나 되게 많이 들었거든,왜 우리 막 그런 말 나 되게 많이 들었거든
막 우리가 낸 세금으로 밥먹고 살면서 뭐~ 어쩌고저쩌고 그런 얘기하는 사람들이 진짜 많잖아.,막 우리가 낸 세금으로 밥먹고 살면서 뭐~ 어쩌고저쩌고 그런 얘기하는 사람들이 진짜 많잖아.
그거를 들으면서 자랐거든 나는 언니는 어떨지 모르겠는데 그래서 내 주위에도 그런 사람들이 많고,그거를 들으면서 자랐거든 나는 언니는 어떨지 모르겠는데 그래서 내 주위에도 그런 사람들이 많고
아니면 그냥 뭐~ 인터넷 뉴스 같은 거 댓글로만 봐도 그런 얘기들이 진짜 많잖아.,아니면 그냥 뭐~ 인터넷 뉴스 같은 거 댓글로만 봐도 그런 얘기들이 진짜 많잖아.
근데 그렇다고 해서 막 공무원들이 월급을 막 한 달에 삼사백씩 받는 것도 아닌데 그~ 연봉이 되게 높은 것도 아닌데,근데 그렇다고 해서 막 공무원들이 월급을 막 한 달에 삼사백씩 받는 것도 아닌데 그~ 연봉이 되게 높은 것도 아닌데
너무 자기가 낸 돈으로,너무 자기가 낸 돈으로
먹고 살려고 한다 이런 것 때문에 기대치가 너무 높다 그래야 되나 그래서 공무원들은,먹고 살려고 한다 이런 것 때문에 기대치가 너무 높다 그래야 되나 그래서 공무원들은
놀기만 한다 이런 편견이 되게 많이 깔려있는 것 같거든 그런 것 때문에 사람들이,놀기만 한다 이런 편견이 되게 많이 깔려있는 것 같거든 그런 것 때문에 사람들이
사실 그~ 공무원 준비를 하는 건 다 선택이잖아.,사실 그~ 공무원 준비를 하는 건 다 선택이잖아.
개인 선택이고 그렇다고 해서 대기업에 가면은 월급이야 많이 받겠지만 맨날 맨날 막 야근하고 그러는 것보다 낫다고 생각을 해서,개인 선택이고 그렇다고 해서 대기업에 가면은 월급이야 많이 받겠지만 맨날 맨날 막 야근하고 그러는 것보다 낫다고 생각을 해서
자 본인이 내린 선택이잖아 그런 개인의 선택을 너무 무시하는 약간 분위기가 우리 사회에,자 본인이 내린 선택이잖아 그런 개인의 선택을 너무 무시하는 약간 분위기가 우리 사회에
유난히 많이 깔려있는 것 같애 비혼 문제도 그렇고,유난히 많이 깔려있는 것 같애 비혼 문제도 그렇고
대학을 그니까 성적이 되는데 대학을 안 가고 싶어하는 사람들도 있잖아 그런 사례들도 있고,대학을 그러니까 성적이 되는데 대학을 안 가고 싶어하는 사람들도 있잖아 그런 사례들도 있고
그런 것에 대한 선택도 그렇고 혹은 공무원 시험을 준비한다든지 이런 거에 있어서 아~ 니네는 다 편하게 살려고 그런 거다,그런 것에 대한 선택도 그렇고 혹은 공무원 시험을 준비한다든지 이런 거에 있어서 아~ 니네는 다 편하게 살려고 그런 거다
나는 약간 사실 타인의 선택은 타인의 선택이고 우리가 뭐라고 할,나는 약간 사실 타인의 선택은 타인의 선택이고 우리가 뭐라고 할
명분이 없 아예 없다고 생각하거든 나는 근데 그거에 대해서 너무 아무렇지도 않게 말을 얹고 그러다 보니깐,명분이 없 아예 없다고 생각하거든 나는 근데 그거에 대해서 너무 아무렇지도 않게 말을 얹고 그러다 보니깐
약간 더 위축되는 그니까 공시생들이 더 위축되고 공시는 사실,약간 더 위축되는 그러니까 공시생들이 더 위축되고 공시는 사실
한 번에 붙기가 진짜 어렵잖아 그런 한 번에 붙는 사람 많지도 않고 그래서 시간이 많이 걸릴 수도 있는 건데 그거에 대해서 너무 막,한 번에 붙기가 진짜 어렵잖아 그런 한 번에 붙는 사람 많지도 않고 그래서 시간이 많이 걸릴 수도 있는 건데 그거에 대해서 너무 막
넌 인생을 낭비하는 거다라고 생각을 하는 분위기가 많이 깔려있는 것 같아서 맞아 그게 좀 안타깝긴 하지,넌 인생을 낭비하는 거다라고 생각을 하는 분위기가 많이 깔려있는 것 같아서 맞아 그게 좀 안타깝긴 하지
그리고 우리 교수님도 그런 비슷한 말을 한 번 했어 왜 내가 일 학년 때,그리고 우리 교수님도 그런 비슷한 말을 한 번 했어 왜 내가 일 학년 때
뭐~ 그런 그런 거 하고 싶다고 얘기를  했다고 했잖아 그때 교수님이 나한테 하는 말이,뭐~ 그런 그런 거 하고 싶다고 얘기를  했다고 했잖아 그때 교수님이 나한테 하는 말이
뭐~ 뭐~ 성적도 좋으면 좋겠지만 일단 그런 생각을 해봐 라고 하시더라고,뭐~ 뭐~ 성적도 좋으면 좋겠지만 일단 그런 생각을 해봐 라고 하시더라고
니가 뭘 좋아하는지 뭐가 하고 싶은지 대학교 사 학년이고,너가 뭘 좋아하는지 뭐가 하고 싶은지 대학교 사 학년이고
너 아직 스무살이니까 그 사 년 동안 일단 그거를 찾아서,너 아직 스무살이니까 그 사 년 동안 일단 그거를 찾아서
니가 좋아하는 게 뭐고 니가 하고 싶은 게 뭔지를 찾아서 나가는 것만으로도,너가 좋아하는 게 뭐야 너가 하고 싶은 게 뭔지를 찾아서 나가는 것만으로도
가치있는 대학생활을 보낸 걸 수도 있어 라고 얘기하는데 그~,가치있는 대학생활을 보낸 걸 수도 있어 라고 얘기하는데 그~
그 말이 그~ 되게 기억에 남더라고 그래서 왜 지금은 나도  안정성을 위해서,그 말이 그~ 되게 기억에 남더라고 그래서 왜 지금은 나도  안정성을 위해서
공시는 내가 자신이 없고 그나마 공기업을 공기업도 물론 자신 없는 거 마찬가지긴 한데,공시는 내가 자신이 없고 그나마 공기업을 공기업도 물론 자신 없는 거 마찬가지긴 한데
생각하고 있는 입장으로서 다시 그때로 다시 돌아가서 생각을 해보면 약간 그 말이 계속,생각하고 있는 입장으로서 다시 그때로 다시 돌아가서 생각을 해보면 약간 그 말이 계속
내 마음속에 남는다 그래야 되나 왜냐하면 내가 하고 싶은 거는 어떻게 보면은,내 마음속에 남는다 그래야 되나 왜냐하면 내가 하고 싶은 거는 어떻게 보면은
쪼끔 정해져 있고 그런데도 그거에 대한 방향성보다는 교수님이 얘기한,조금 정해져 있고 그런데도 그거에 대한 방향성보다는 교수님이 얘기한
거랑 아예 반대되는 길을 가고 있는 거잖아 교수님이 그런 거를 못 찾으면은,거랑 아예 반대되는 길을 가고 있는 거잖아 교수님이 그런 거를 못 찾으면은
남들처럼 공기업 준비하고 공시 준비하게 될 거라 그랬거든 근데 내가 딱,남들처럼 공기업 준비하고 공시 준비하게 될 거라 그랬거든 근데 내가 딱
그 길을 가고 있는 거야 그래서 약간 하여 할 마음은 충분히 있는데도 계속 확신이 안 들어.,그 길을 가고 있는 거야 그래서 약간 하여 할 마음은 충분히 있는데도 계속 확신이 안 들어.
내가 약간 무리를 해서라도 지금 빠 쪼끔 더 젊을 때 그걸 해 왜냐하면 지금 잃을 게 아무것도 없으니까.,내가 약간 무리를 해서라도 지금 빠 조금 더 젊을 때 그걸 해 왜냐하면 지금 잃을 게 아무것도 없으니까.
젊을 때 그거를 하고 아니면 또 다 안 되면 또 다른 시작을 해야 되는 건지 아니면 내 기반을 마련하고,젊을 때 그거를 하고 아니면 또 다 안 되면 또 다른 시작을 해야 되는 건지 아니면 내 기반을 마련하고
나서 쫌 준비가 되면은 내가 하고 싶은 거 할 후회없이 해야 되는 건지,나서 조금 준비가 되면은 내가 하고 싶은 거 할 후회없이 해야 되는 건지
그런 생각이 많이 들긴 하는 것 같애 특히 약간 시험기간엔 별로 안 드는데,그런 생각이 많이 들긴 하는 것 같애 특히 약간 시험기간엔 별로 안 드는데
지금처럼 공부 안 할 때나 근데 생각만 하고 딱히 실천할 마음이 없어서 그게 문제인 거 같긴 하지만,지금처럼 공부 안 할 때나 근데 생각만 하고 딱히 실천할 마음이 없어서 그게 문제인 거 같긴 하지만
그런 것 같아 그래서 언니가 말한 것처럼 약간,그런 것 같아 그래서 언니가 말한 것처럼 약간
주변에 이제 슬슬 준비를 하고,주변에 이제 슬슬 준비를 하고
아직 내 주위에는 자리 잡은 사람이 많이 없긴 하거든 근데 내 고등 아니 중학교 친구 중에 한 명이,아직 내 주위에는 자리 잡은 사람이 많이 없긴 하거든 근데 내 고등 아니 중학교 친구 중에 한 명이
걔는 그냥 전문대학교를 나와서 걔가 치위생과를 나와서 지금 서울에 치과에서 으 일을 하고 있단 말이야.,걔는 그냥 전문대학교를 나와서 걔가 치위생과를 나와서 지금 서울에 치과에서 으 일을 하고 있단 말이야.
근데 거기도 되게 보수는 평범한데,근데 거기도 되게 보수는 평범한데
조건이 되게 좋더라고 왜냐면 거기 병원 자체에서,조건이 되게 좋더라고 왜냐하면 거기 병원 자체에서
치위생사들 고용해서 애들 보고 살라고 원룸을 내주더라고,치위생사들 고용해서 애들 보고 살라고 원룸을 내주더라고
그리고 왜 요즘 청년정책 같은 것도 잘 돼있어서 청년 희망통장이라고 알아?,그리고 왜 요즘 청년정책 같은 것도 잘 돼있어서 청년 희망통장이라고 알아?
그거 하면은 한 이 년 동안 그런 중소기업에 다니면 정부랑,그거 하면은 한 이 년 동안 그런 중소기업에 다니면 정부랑
그~ 직장에서 돈을 보태가지고 나중에 이 년 지날 때 한 이천만원 가까이,그~ 직장에서 돈을 보태가지고 나중에 이 년 지날 때 한 이천만원 가까이
돈을 불려서 돌려주는 제도란 말야 그래서 그 회사가 그것도 지원을 해 주고 그리고 원룸을 제공해주니까 일단,돈을 불려서 돌려주는 제도란 말야 그래서 그 회사가 그것도 지원을 해 주고 그리고 원룸을 제공해주니까 일단
숙박비 그니까 전세나 월세가 세이브 되는 거지 그렇게 하고 또,숙박비 그러니까 전세나 월세가 세이브 되는 거지 그렇게 하고 또
일은 힘들지만 그래도 돈은 되 계속 차곡차곡 모이고 거기는 취업이 엄청 빨리 되더라고,일은 힘들지만 그래도 돈은 되 계속 차곡차곡 모이고 거기는 취업이 엄청 빨리 되더라고
그니까 약간 이력서만 이렇게 내놓으면 바로바로 연락이 오는 시스템인 거야.,그러니까 약간 이력서만 이렇게 내놓으면 바로바로 연락이 오는 시스템인 거야.
그래 가주구 내가 고등학생 때는 좋은 대학을 못 가면 인생이 망할 줄 알았어.,그래 가지고 내가 고등학생 때는 좋은 대학을 못 가면 인생이 망할 줄 알았어.
왜냐하면 계속 그렇게 사회가 그렇게 가르쳤고 나도 그거에 약간 그 인식에 대해서 완전 빠져있었던 거지.,왜냐하면 계속 그렇게 사회가 그렇게 가르쳤고 나도 그거에 약간 그 인식에 대해서 완전 빠져있었던 거지.
근데 막상 커보니까 그렇게 좋은 대학을 가지 않더라도 자리를 잡고 먹고 사는 사람,근데 막상 커보니까 그렇게 좋은 대학을 가지 않더라도 자리를 잡고 먹고 사는 사람
친구가 주위에 생기고 하다 보니깐 약간 그런 생각도 들어 지금 이케,친구가 주위에 생기고 하다 보니깐 약간 그런 생각도 들어 지금 이렇게
자고 일어났는데 내가 그냥 중학교 때 책상에서 쫌 졸다가 깨어있었음 좋겠다.,자고 일어났는데 내가 그냥 중학교 때 책상에서 조금 졸다가 깨어있었음 좋겠다.
그래서 나한테 두 번째 기회가 주어졌음 좋겠는 거지 그~ 학창시절의 기회가,그래서 나한테 두 번째 기회가 주어졌음 좋겠는 거지 그~ 학창시절의 기회가
물론 지금도 아예 늦은 건 아닌데 지금 내가 중학생 때,물론 지금도 아예 늦은 건 아닌데 지금 내가 중학생 때
아니면 고등학교 일 학년 때 정도로 돌아가게 되면,아니면 고등학교 일 학년 때 정도로 돌아가게 되면
나는 훨씬 더 다양한 갈래와 가능성을 열어둘 것 같애 나도 그렇고,나는 훨씬 더 다양한 갈래와 가능성을 열어둘 것 같애 나도 그렇고
전국의 고등학생들이 그랬을 거라고 생각하 하긴 하지만 우리는 너무,전국의 고등학생들이 그랬을 거라고 생각하 하긴 하지만 우리는 너무
학벌에 목 매어가지고 사실 먹고 살 방법은 진짜 진짜 다양하고 직업도 진짜,학벌에 목 매어가지고 사실 먹고 살 방법은 진짜 진짜 다양하고 직업도 진짜
수만 가지 수천 가지가 있잖아 그거에 대해서 쪼끔 더 생각해 볼 여력과,수만 가지 수천 가지가 있잖아 그거에 대해서 조금 더 생각해 볼 여력과
시간이 너무 부족했던 것 같애 그래서 나는 항상 그게 아쉬워 항상 그게 아쉽고 그리고,시간이 너무 부족했던 것 같애 그래서 나는 항상 그게 아쉬워 항상 그게 아쉽고 그리고
앞으로도 계속 아쉬울 거 같애 그래서 내 동생은 이제 중학생이니까,앞으로도 계속 아쉬울 거 같애 그래서 내 동생은 이제 중학생이니까
니가 공부에 뜻이 없으면 공부를 안 해도 된다,너가 공부에 뜻이 없으면 공부를 안 해도 된다
니가 무슨 상업고등학교나 아님 특성화고에 가서 따른 전문직을 가져도 된다고 라고 난 얘길 하거든 근데,너가 무슨 상업고등학교나 아님 특성화고에 가서 다른 전문직을 가져도 된다고 라고 난 얘길 하거든 근데
지금 내 동생은 아예 이런 입장을 모르고 학업에 열중하고 있는 시기다 보니까,지금 내 동생은 아예 이런 입장을 모르고 학업에 열중하고 있는 시기다 보니까
그런 얘기를 하면은 엄청 속상해 하더라구 자기를 약간 포기한 줄 아나 봐 내가 그런 말 하면,그런 얘기를 하면은 엄청 속상해 하더라구 자기를 약간 포기한 줄 아나 봐 내가 그런 말 하면
약간 아~ 니는 그냥 공부하지 마 이런 이런 식으로 받아들이나 봐 우리 사회가 앞으로는 쪼끔 더 학생 때,약간 아~ 너는 그냥 공부하지 마 이런 이런 식으로 받아들이나 봐 우리 사회가 앞으로는 조금 더 학생 때
직업이라든지 아니면 더 많은 진로의 가능성에 대해서 얘기할 수 있는 사회가 됐으면 좋겠어.,직업이라든지 아니면 더 많은 진로의 가능성에 대해서 얘기할 수 있는 사회가 됐으면 좋겠어.
학벌주의가 너무 심해서 그런 기회들을 너무 많이 놓친 거 같애.,학벌주의가 너무 심해서 그런 기회들을 너무 많이 놓친 거 같애.
그래서 내가 약간 진심을 담아서 내 동생한테 조언을 해줘도 내 동생이 내,그래서 내가 약간 진심을 담아서 내 동생한테 조언을 해줘도 내 동생이 내
의도를 파악하지 못한다는 점이 되게 마음이 아프고 안타까운 거 같애.,의도를 파악하지 못한다는 점이 되게 마음이 아프고 안타까운 거 같애.
