사투리,표준어
제가 이야기를 하다 보니까 좋아하는 운동이 너무 많네요.,제가 이야기를 하다 보니까 좋아하는 운동이 너무 많네요.
또 운동을 하니까 운동도 진짜 정말로 좋아하거든요.,또 운동을 하니까 운동도 진짜 정말로 좋아하거든요.
이~ 옛날에는  제가 운동을 좋아하는 이유는,이~ 옛날에는  제가 운동을 좋아하는 이유는
운동을 하는 잘하는 운동선수들을 보면 진짜,운동을 하는 잘하는 운동선수들을 보면 진짜
뭐라 그래야 되지 제,뭐라 그래야 되지 제
너무 그 사람들의 어떤 힘들게 겪어왔던 그런 과정들을 생각하면,너무 그 사람들의 어떤 힘들게 겪어왔던 그런 과정들을 생각하면
너무 잘하고 또 저는 인제 뭐~,너무 잘하고 또 저는 인제 뭐~
옛날에 최천식이라든가 그때 이 우리 때는 이충희였었거든요 최천식이라든가 이충희 씨 최천식은 대한항공이었는데 또 너무 잘생겨서 좋아했었고,옛날에 최천식이라든가 그때 이 우리 때는 이충희였었거든요 최천식이라든가 이충희 씨 최천식은 대한항공이었는데 또 너무 잘생겨서 좋아했었고
이충희 씨는 공을 넣는데 컴퓨터 슈터라고 이야기할 만큼,이충희 씨는 공을 넣는데 컴퓨터 슈터라고 이야기할 만큼
공을 너무너무 잘 넣는 거예요 그래서,공을 너무너무 잘 넣는 거예요 그래서
이렇게 저는 인제 운동을 하 운동을 볼 때 생각하면 이렇게,이렇게 저는 인제 운동을 하 운동을 볼 때 생각하면 이렇게
그 사람들이 잘하는 것을 보면,그 사람들이 잘하는 것을 보면
또 다른 쾌감을 제가 느끼더라고 내가 이기는 것처럼 내가 뭐~ 이렇게 운동은 항상 경쟁하는 거잖아 그죠 근데 경쟁하면서 그 사람들이 이기는 그런 것들을 보면서,또 다른 쾌감을 제가 느끼더라고 내가 이기는 것처럼 내가 뭐~ 이렇게 운동은 항상 경쟁하는 거잖아 그죠 근데 경쟁하면서 그 사람들이 이기는 그런 것들을 보면서
막 나에게도 막 어떤 승부욕이 막 있으면서,막 나에게도 막 어떤 승부욕이 막 있으면서
진짜 이겨야 되겠다 이겨야 되겠다 그런 생각들을 많이 했었거든요 그래서,진짜 이겨야 되겠다 이겨야 되겠다 그런 생각들을 많이 했었거든요 그래서
운동을 생각하면 저는 진짜 다 했어요 뭐~ 이렇게,운동을 생각하면 저는 진짜 다 했어요 뭐~ 이렇게
배구를 뭐~ 옛날에 지금은 배구 선수 지금 브 옛날 고등학교 중학교 때 인제,배구를 뭐~ 옛날에 지금은 배구 선수 지금 브 옛날 고등학교 중학교 때 인제
배구하면 최천식 뭐~ 그때 우리 때는 뭐~ 영관 이런 분들 계셨거든요 긍까 우리는 신진식은 쪼끔 뒤에 나왔지만 그런 것도 생각하고,배구하면 최천식 뭐~ 그때 우리 때는 뭐~ 영관 이런 분들 계셨거든요 그러니까 우리는 신진식은 쪼끔 뒤에 나왔지만 그런 것도 생각하고
또 농구 하면 이충희 좋아했고 허재 좋아했고 또 허재 씨 좋아했고 또,또 농구 하면 이충희 좋아했고 허재 좋아했고 또 허재 씨 좋아했고 또
여러 근 여러 분도 많았어요 그때 박수교도 계셨고 또 그리고 뭐~,여러 근 여러 분도 많았어요 그때 박수교도 계셨고 또 그리고 뭐~
뭐~ 축구 저는 축구는 쫌,뭐~ 축구 저는 축구는 조금
너무 오래 해서 축구는 별로 안 좋아하고 우리 남편도 쫌 좋아하더라고 야구하면은 그때 옛날에,너무 오래 해서 축구는 별로 안 좋아하고 우리 남편도 조금 좋아하더라고 야구하면은 그때 옛날에
이만수 것도 프로 야구 시절부터 이만수 좋아하고 지금은 뭐~ 옛날에 이승엽까지,이만수 것도 프로 야구 시절부터 이만수 좋아하고 지금은 뭐~ 옛날에 이승엽까지
이승엽 그리고 좋아하고 또 뭐~,이승엽 그리고 좋아하고 또 뭐~
골프라 그러면은 타이거 우즈 좋아해서 밤,골프라 그러면은 타이거 우즈 좋아해서 밤
우리 그땐 우리 한화로 하고 미국하고 시간 차이가 있어서 미국,우리 그땐 우리 한화로 하고 미국하고 시간 차이가 있어서 미국
타이거 우즈 그때 인제 쫌 많이 오래 전이죠 그때는,타이거 우즈 그때 인제 조금 많이 오래 전이죠 그때는
타이거 우즈 하는 골프 게임 본다고 새벽까지,타이거 우즈 하는 골프 게임 본다고 새벽까지
진짜 막 그렇게 했는 기억들이 있어요 그래서 저는,진짜 막 그렇게 했던 기억들이 있어요 그래서 저는
운동하면은 진짜 다 좋아하고 보는 거 좋아하고,운동하면은 진짜 다 좋아하고 보는 거 좋아하고
근데 나이 들어서 하는 거는 별로 싫어하고 이~ 잘하는 사람들을 볼 때,근데 나이 들어서 하는 거는 별로 싫어하고 이~ 잘하는 사람들을 볼 때
이렇게 이렇게 여러 가지 인제,이렇게 이렇게 여러 가지 인제
스포츠 경기 보는 것도 좋아하고 그렇거든요 그래서 그런 쾌감들을 느끼는 것 같더라고요.,스포츠 경기 보는 것도 좋아하고 그렇거든요 그래서 그런 쾌감들을 느끼는 것 같더라고요.
혹시  씨는 좋아하는 운동 있으신가요?,혹시  씨는 좋아하는 운동 있으신가요?
정말 너무 공감되네 진짜 스포츠 좋아하시는 것 같애요 말 들어 보니까,정말 너무 공감되네 진짜 스포츠 좋아하시는 것 같애요 말 들어 보니까
저도 하는 건 별로 안 좋아하는데,저도 하는 건 별로 안 좋아하는데
구기 종목은 보는 건 다 좋아해요 정말,구기 종목은 보는 건 다 좋아해요 정말
주변에서 과하다 싶을 정도로 저는 보는 거 좋아하거든예.,주변에서 과하다 싶을 정도로 저는 보는 거 좋아하거든요.
특히 아까도,특히 아까도
최천식 이춘희 뭐~ 이런 말 들으니까 너무 반갑네요 다 아시는 것 같애서,최천식 이춘희 뭐~ 이런 말 들으니까 너무 반갑네요 다 아시는 것 같애서
저는 뭐~ 농구 배구 야구 다 좋아해요 뭐~,저는 뭐~ 농구 배구 야구 다 좋아해요 뭐~
어느 하나 뭐~ 농구 농구 배구는 지금 시즌에 짐 하는,어느 하나 뭐~ 농구 농구 배구는 지금 시즌에 지금 하는
구기 종목이잖아요 그래서 지금 많이 즐겨 보고 있고,구기 종목이잖아요 그래서 지금 많이 즐겨 보고 있고
찾아서 볼 정도로 좋아해요 그러고 야구는,찾아서 볼 정도로 좋아해요 그러고 야구는
프로 야구는 정말 저기,프로 야구는 정말 저기
원년에 시작할 때부터 좋아했어요 처음에는 몰랐는데,원년에 시작할 때부터 좋아했어요 처음에는 몰랐는데
야구를 그때 우리 팔십사 년도 인가 그때 프로 야구가,야구를 그때 우리 팔십사 년도 인가 그때 프로 야구가
개막된 걸로 알고 있는데,개막된 걸로 알고 있는데
그때 우리 오빠가 야구를 너무너무 좋아했어요 그래서 저는,그때 우리 오빠가 야구를 너무너무 좋아했어요 그래서 저는
오빠 하는 거 오빠 보는 거 옆에서 이래 보다가,오빠 하는 거 오빠 보는 거 옆에서 이렇게 보다가
야구를 좋아하게 된 케이스인데,야구를 좋아하게 된 케이스인데
그때 보면서 인제 야구 뭐~ 이만수라든가,그때 보면서 인제 야구 뭐~ 이만수라든가
진짜 야구 저 보는 거 좋아했거든요 근데 우리 친구들은 야구 무슨 재미로 보나 이럴 정도로,진짜 야구 저 보는 거 좋아했거든요 근데 우리 친구들은 야구 무슨 재미로 보나 이럴 정도로
야구에 문외한인데 저는 야구를 다 꿰고 있죠 워낙 많이 보니까,야구에 문외한인데 저는 야구를 다 꿰고 있죠 워낙 많이 보니까
그리고 야구도 좋아하고 어~,그리고 야구도 좋아하고 어~
아~ 그거 류현진 나올 때 류현진이 인제 엠엘비 인제 메이저 리그 갔을 때,아~ 그거 류현진 나올 때 류현진이 인제 엠엘비 인제 메이저 리그 갔을 때
정말 뭐~ 우리나라 작은 나라에서,정말 뭐~ 우리나라 작은 나라에서
그렇게 대단한 선수가 나오는 게 힘들잖아요 근데 류현진 보니까,그렇게 대단한 선수가 나오는 게 힘들잖아요 근데 류현진 보니까
그 경기 볼 때마다 진짜 너무 잘하고 또 이~ 시차가 다르니까,그 경기 볼 때마다 진짜 너무 잘하고 또 이~ 시차가 다르니까
주로 새벽에 많이 하거든요 근데 그걸 제가 다 챙겨봤어요.,주로 새벽에 많이 하거든요 근데 그걸 제가 다 챙겨봤어요.
한 프로도 놓치지 않고 그거를 재바르 재방송 보면은 또 이르케,한 프로도 놓치지 않고 그거를 재바르 재방송 보면은 또 이렇게
현실감이 떨어져서 저는 새벽에 꼭 챙겨봤거든요.,현실감이 떨어져서 저는 새벽에 꼭 챙겨봤거든요.
그그 왜 챙겨 봤냐면,그거 왜 챙겨 봤냐면
인제 갱년기가 오다 보니까 불면증 너무 심해서,인제 갱년기가 오다 보니까 불면증 너무 심해서
크 잠도 안 오고 이것저것 잡생각 나고 이럴 때 뭐~ 책도 보다가 뭐~,크 잠도 안 오고 이것저것 잡생각 나고 이럴 때 뭐~ 책도 보다가 뭐~
집 안 청소도 했다가 이게 도움이 안 되더라고요 것도,집 안 청소도 했다가 이게 도움이 안 되더라고요 것도
한계가 있고 그래서 어~ 야구를 좋아하니까,한계가 있고 그래서 어~ 야구를 좋아하니까
메이저 리그 그~ 새벽에 하는 시간대에 어차피 잠은 못 자고 또 잠은 못 자고 하니까 그~,메이저 리그 그~ 새벽에 하는 시간대에 어차피 잠은 못 자고 또 잠은 못 자고 하니까 그~
야구를 챙겨 보니까,야구를 챙겨 보니까
순간적으로나마 인제 몰입하고 하니까 굉장히 그게 저한테 도움이 많이 됐어요.,순간적으로나마 인제 몰입하고 하니까 굉장히 그게 저한테 도움이 많이 됐어요.
그리고 아까 말씀하시듯이 저는,그리고 아까 말씀하시듯이 저는
농구 선구 중에 허재를 굉장히 좋아해요 근데,농구 선구 중에 허재를 굉장히 좋아해요 근데
예전에는 허재 그~ 그~ 스 그~ 선수를 볼 때,예전에는 허재 그~ 그~ 스 그~ 선수를 볼 때
농구에 관한 일을 할 때만,농구에 관한 일을 할 때만
사람들이 봤잖아요 그래서 굉장히 쪼끔 성질도,사람들이 봤잖아요 그래서 굉장히 쪼끔 성질도
쪼끔 있는 것 같 카리스마도 있고,쪼끔 있는 것 같 카리스마도 있고
그런 식으로 봤는데 요즘에 예능에 많이 나오다 보니까 의외의 면이 또 많이 발견되더라고예?,그런 식으로 봤는데 요즘에 예능에 많이 나오다 보니까 의외의 면이 또 많이 발견되더라고요?
그래서 저는 스포츠 선수를 좋아하는 이유가,그래서 저는 스포츠 선수를 좋아하는 이유가
그~ 자기 관리 너무 열심히 잘하는 게 참 저는 매력적이라고 봐요 그라고,그~ 자기 관리 너무 열심히 잘하는 게 참 저는 매력적이라고 봐요 그리고
뭐~ 공부도 힘들지만 요즘은,뭐~ 공부도 힘들지만 요즘은
공부보다는 스포츠가 더 힘든 것 같애요 그거는 보니까,공부보다는 스포츠가 더 힘든 것 같애요 그거는 보니까
예전에는 뭐~ 진짜 없는 사람들이 뭐~ 잘 살기 위해서 또 스포츠 하는 경우도,예전에는 뭐~ 진짜 없는 사람들이 뭐~ 잘 살기 위해서 또 스포츠 하는 경우도
간혹 쫌 있었잖아요 근데 요즘은,간혹 조금 있었잖아요 근데 요즘은
스포츠가 오히려 쫌 재력도 있어야 되고,스포츠가 오히려 조금 재력도 있어야 되고
또 부모님도 뒷받침도 많이 해줘야 되고,또 부모님도 뒷받침도 많이 해줘야 되고
그런 또 경영을 많이 바뀐 것 같애서,그런 또 경영을 많이 바뀐 것 같애서
스포츠도 참 매력적인 직업이라고 생각해요 근데 스포츠란 직업이 또,스포츠도 참 매력적인 직업이라고 생각해요 근데 스포츠란 직업이 또
사람들에게 스포트라이트를 받는 만큼 또 일 등 아니면 또 주목을 못 받잖아예.,사람들에게 스포트라이트를 받는 만큼 또 일 등 아니면 또 주목을 못 받잖아요.
그래서 그기에 대한 스트레스도 참 많겠다 싶은데 보는 우리,그래서 거기에 대한 스트레스도 참 많겠다 싶은데 보는 우리
팬으로서는 너무 즐겁죠 너무 즐겁고,팬으로서는 너무 즐겁죠 너무 즐겁고
직접 하진 않아도 대리만족으로는 참 좋고 저는,직접 하진 않아도 대리만족으로는 참 좋고 저는
스포츠를 정말 좋아하는 팬인데 혹시,스포츠를 정말 좋아하는 팬인데 혹시
아까 말씀 들어보니까 쫌 박,아까 말씀 들어보니까 조금 박
스포츠 쪽으로 많이 아시는 것 같은데,스포츠 쪽으로 많이 아시는 것 같은데
혹시 류현진 경기도 보신 적이 있어예?,혹시 류현진 경기도 보신 적이 있어요?
저는 야구는 우리나라 선수들 위주로 많이 봤고 류현진은 맨 처음에 박찬호 맨 처음에 나왔을 때 있잖아요 맨타리 맨 츰에 인제,저는 야구는 우리나라 선수들 위주로 많이 봤고 류현진은 맨 처음에 박찬호 맨 처음에 나왔을 때 있잖아요 맨타리 맨 첨에 인제
우리나라 선수가 메이저 리그에서 뜨는 것도 참 신기하고 그래서,우리나라 선수가 메이저 리그에서 뜨는 것도 참 신기하고 그래서
그때 박찬호는 겨 박찬호 씨 경기도 그렇게 아침에 많이 하고,그때 박찬호는 겨 박찬호 씨 경기도 그렇게 아침에 많이 하고
또 막 그랬잖아요 그때는 진짜 응원하고 박찬호가,또 막 그랬잖아요 그때는 진짜 응원하고 박찬호가
몇 승할 때마다 좋고 뭐~ 이렇게 승을 할 때마다 좋았는데 또,몇 승할 때마다 좋고 뭐~ 이렇게 승을 할 때마다 좋았는데 또
또 힘없이 무너질 때 보면은 또 안타깝고 막 그렇더라고요 그래서 야구 같은 경우는,또 힘없이 무너질 때 보면은 또 안타깝고 막 그렇더라고요 그래서 야구 같은 경우는
박찬호 씨 경기가 생각나고,박찬호 씨 경기가 생각나고
류현진은 또 그~ 뒤에 라서 박찬호 씨 때 야구 좋아했는 그런 기억들이 많이 나고,류현진은 또 그~ 뒤에 라서 박찬호 씨 때 야구 좋아했던 그런 기억들이 많이 나고
야구는 뭐~ 박찬호 씨 그리고,야구는 뭐~ 박찬호 씨 그리고
또 야구라고 생각하면 이승엽 씨가 인제 뭐~ 이케 홈런 우리나라 최초로 뭐~ 오십육 호 오십팔 호 홈런 칠 때마다,또 야구라고 생각하면 이승엽 씨가 인제 뭐~ 이렇게 홈런 우리나라 최초로 뭐~ 오십육 호 오십팔 호 홈런 칠 때마다
그때 대구에서 난리가 났었잖아요 그죠 잠자리채 갖고 가가지고,그때 대구에서 난리가 났었잖아요 그죠 잠자리채 갖고 가가지고
공을 받아야 된다 저 공을 받으면 팔자가 고쳐질 거라고 그때,공을 받아야 된다 저 공을 받으면 팔자가 고쳐질 거라고 그때
진짜 우리 인제 남편도 야구를 좋아하고 우리도 인제 옛날에 사귈 때부터,진짜 우리 인제 남편도 야구를 좋아하고 우리도 인제 옛날에 사귈 때부터
인제 야구장에 가서 데이트를 많이 했거든요 대 그때는 대구 시민 운동장 야구장이라서,인제 야구장에 가서 데이트를 많이 했거든요 대 그때는 대구 시민 운동장 야구장이라서
야구 있을 때마다 그때 진짜 막 챙겨보고 그때는 또 재밌었잖아요 그때 우리 뭐~,야구 있을 때마다 그때 진짜 막 챙겨보고 그때는 또 재밌었잖아요 그때 우리 뭐~
삼성 라이온즈가 코리안 시리즈 또 올라가고 몇 번 우승을 못 하다가 진짜 역전에 역전을 해서 우승할 때는 진짜,삼성 라이온즈가 코리안 시리즈 또 올라가고 몇 번 우승을 못 하다가 진짜 역전에 역전을 해서 우승할 때는 진짜
그때 겨울이 그때 가을이 생각나네요 그때 얼마 추웠는데,그때 겨울이 그때 가을이 생각나네요 그때 얼마 추웠는데
그 경기를 본다고 추워서 벌벌 떨던 기억도 나고 또 인제 뭐~ 기록을 세울 때 이승엽 선수 기록 세울 때,그 경기를 본다고 추워서 벌벌 떨던 기억도 나고 또 인제 뭐~ 기록을 세울 때 이승엽 선수 기록 세울 때
야구장마다 그때는 예매하기도 힘들었었어요 그때는,야구장마다 그때는 예매하기도 힘들었었어요 그때는
그땐 힘들었는데 또 그거 한번 가 보겠다고 그~ 역사적인 순간에 남편이랑 같이 있어야 된다고,그땐 힘들었는데 또 그거 한번 가 보겠다고 그~ 역사적인 순간에 남편이랑 같이 있어야 된다고
또 야구장에 막 찾아 갔는 그런 기억들을 생각하면,또 야구장에 막 찾아 갔던 그런 기억들을 생각하면
그런 것도 마지막 이승엽 은퇴 경기,그런 것도 마지막 이승엽 은퇴 경기
은퇴 경기는 가고 싶었는데 그때는 왜 못 갔는 것 같애 그때는 인제 테레비전 중계를 보면서 진짜 야구 선수가,은퇴 경기는 가고 싶었는데 그때는 왜 못 갔던 것 같애 그때는 인제 테레비전 중계를 보면서 진짜 야구 선수가
진짜 스포츠 선수라면 저런 저렇게,진짜 스포츠 선수라면 저런 저렇게
끝을 저렇게 마무리 잘 할 수 있을까 우리 인생도 그런 것 같더라고 저렇게 저 선수가 너무 부럽더라고 이승엽 선수가,끝을 저렇게 마무리 잘 할 수 있을까 우리 인생도 그런 것 같더라고 저렇게 저 선수가 너무 부럽더라고 이승엽 선수가
너무나 전부 다 안타까워하고 그 선수 생활 자체가,너무나 전부 다 안타까워하고 그 선수 생활 자체가
자기 선수 생활하면서 자기들은 물 자기는 물론 힘들고 그랬지만 그 사람으로 인해서,자기 선수 생활하면서 자기들은 물 자기는 물론 힘들고 그랬지만 그 사람으로 인해서
이승엽이 또 뭐~ 어떤 큰 경기에선 강한 면모를 많이 보여줬는 마이 보여줬잖아요 그죠?,이승엽이 또 뭐~ 어떤 큰 경기에선 강한 면모를 많이 보여줬는 많이 보여줬잖아요 그죠?
그래서 인제 이승엽이 경기를 보면서 위로도 받고 또 마지막에 그 사람 은퇴할 때 보니까,그래서 인제 이승엽이 경기를 보면서 위로도 받고 또 마지막에 그 사람 은퇴할 때 보니까
한 사람으로서 너무 부럽더라고 부러운 마음이 되게 많더라고 어~ 진짜 괜찮다 저렇게 하였으면은,한 사람으로서 너무 부럽더라고 부러운 마음이 되게 많더라고 어~ 진짜 괜찮다 저렇게 하였으면은
진짜 그 자녀들도 부럽고 부인도 부럽고 부인도 너무 이쁘고 막 그랬잖아요 그죠 그래서 보면,진짜 그 자녀들도 부럽고 부인도 부럽고 부인도 너무 이쁘고 막 그랬잖아요 그죠 그래서 보면
스포츠를 하는 거 자체가 그런 생각이 들더라고 아~ 참 연관,스포츠를 하는 거 자체가 그런 생각이 들더라고 아~ 참 연관
영광스럽겠다 사람들이 이 많은 사람들이 이렇게 그 사람을 한 사람을 보면서 너무,영광스럽겠다 사람들이 이 많은 사람들이 이렇게 그 사람을 한 사람을 보면서 너무
행복해하기도 했고 한때 때로는 또 안타까워하기도 하고 슬럼프에 빠졌을 때는 안타까워하기도 했는데,행복해하기도 했고 한때 때로는 또 안타까워하기도 하고 슬럼프에 빠졌을 때는 안타까워하기도 했는데
그 마지막을 볼 때 너무너무 행복한 그~ 보이는 게 너무 좋고,그 마지막을 볼 때 너무너무 행복한 그~ 보이는 게 너무 좋고
우리 인생도 그랬으면 좋겠더라고요 우리 마지막에 적어도 우리가 뭐~ 이렇게,우리 인생도 그랬으면 좋겠더라고요 우리 마지막에 적어도 우리가 뭐~ 이렇게
누구든지 다 죽는데 죽는 가운데 진짜 그 사람을 위해서 경례해 주고 행복해 해주고 그런 거 볼 때,누구든지 다 죽는데 죽는 가운데 진짜 그 사람을 위해서 경례해 주고 행복해 해주고 그런 거 볼 때
아~ 너무 부럽다라는 생각이 많이 들었어요.,아~ 너무 부럽다라는 생각이 많이 들었어요.
그래서 인제 은퇴 경기하면은 야구 선수 그러면은 저는 박찬호 인제 메이저 리그 한 거 그런 거 많이 봤는 거 그~ 기억나고,그래서 인제 은퇴 경기하면은 야구 선수 그러면은 저는 박찬호 인제 메이저 리그 한 거 그런 거 많이 봤던 거 그~ 기억나고
또 이만수 응원하고 이승엽 응원하고 또 양준혁 씨라든가 나오는 거,또 이만수 응원하고 이승엽 응원하고 또 양준혁 씨라든가 나오는 거
삼성 라이온즈 팬이어서,삼성 라이온즈 팬이어서
그~ 대구사람이고 해서 그런지 삼성 라이온즈 너무 좋아하는데 요즘 삼성 라이언즈가 너무 못해서  지금,그~ 대구사람이고 해서 그런지 삼성 라이온즈 너무 좋아하는데 요즘 삼성 라이언즈가 너무 못해서  지금
너무 못해서 진짜 안타깝기도 막 하고 막 그렇더라고요 그래서,너무 못해서 진짜 안타깝기도 막 하고 막 그렇더라고요 그래서
뭐~ 그래도 언젠가 잘할 게 잘할 거라는 인제 기대를 가지고 인제 한 번씩 야구를 보는데,뭐~ 그래도 언젠가 잘할 게 잘할 거라는 인제 기대를 가지고 인제 한 번씩 야구를 보는데
근데 요즘에는 많이 내가 희망,근데 요즘에는 많이 내가 희망
그~ 야구에 대한 그게 많이 떨어져가지고 못하니까 보기 싫더라고 저는 제 성격 자체가 자꾸 못하니까 보기 싫더라고요 그래서,그~ 야구에 대한 그게 많이 떨어져가지고 못하니까 보기 싫더라고 저는 제 성격 자체가 자꾸 못하니까 보기 싫더라고요 그래서
많이 못 보게 되고 지금 요새는 진짜 골프에 미쳐서 골프 선수들 위주로,많이 못 보게 되고 지금 요새는 진짜 골프에 미쳐서 골프 선수들 위주로
진짜 박세리 때부터 그때 막 다시 막,진짜 박세리 때부터 그때 막 다시 막
인터넷 유튜브 찾아가지고 유에스 오픈 우승하는 것도 다시 찾아보고 있어요 혹시  씨가 제일 좋아하는 운동은,인터넷 유튜브 찾아가지고 유에스 오픈 우승하는 것도 다시 찾아보고 있어요 혹시  씨가 제일 좋아하는 운동은
야구 말고 또 있는 가예?,야구 말고 또 있는 가요?
직접 하는 건 안  좋아해요 저는 저는 하는 건 진짜 싫어해요.,직접 하는 건 안  좋아해요 저는 저는 하는 건 진짜 싫어해요.
게을러서 하는 거 싫어하고 운동 신경도 그닥 발 그닥 뭐~ 좋은 편도 아니고,게을러서 하는 거 싫어하고 운동 신경도 그닥 발 그닥 뭐~ 좋은 편도 아니고
그~ 보는 건 다 좋아하는데 아까 그~,그~ 보는 건 다 좋아하는데 아까 그~
말씀하셨듯이 이승엽 그~ 저는,말씀하셨듯이 이승엽 그~ 저는
은퇴하는 경기를 봤거든요 라이온즈 파크 가서 힘들게 표를 구해서,은퇴하는 경기를 봤거든요 라이온즈 파크 가서 힘들게 표를 구해서
네 이승엽은 참 대단하다 싶은 게 뭐~ 물론 운동에서도 대단하지만,네 이승엽은 참 대단하다 싶은 게 뭐~ 물론 운동에서도 대단하지만
뭐~ 운동 생활 그렇게 꾸준히 하면서 구설수에도 오르지도 않고,뭐~ 운동 생활 그렇게 꾸준히 하면서 구설수에도 오르지도 않고
참 그~ 평점심을 잘 갖고 있는 선수라고나 해야 되나 가정적으도 그렇고,참 그~ 평점심을 잘 갖고 있는 선수라고나 해야 되나 가정적으도 그렇고
근데 아까 말씀하신 것처럼 저도,근데 아까 말씀하신 것처럼 저도
라이온즈가 요새 못 하니까 보기 싫더라고예 사람 마음이 참 간사 해서 그런지 잘할 때는 참 좋았는데,라이온즈가 요새 못 하니까 보기 싫더라고요 사람 마음이 참 간사 해서 그런지 잘할 때는 참 좋았는데
요새는 너무 못하니까 새 구장 채워놓고,요새는 너무 못하니까 새 구장 채워놓고
뭐~ 삼성에서 뭐~ 투자를 정말 안 하는 것 같은 느낌마저 드는 게,뭐~ 삼성에서 뭐~ 투자를 정말 안 하는 것 같은 느낌마저 드는 게
좋은 선수도 안 데리고 오고 외국 선수도 그렇고,좋은 선수도 안 데리고 오고 외국 선수도 그렇고
너무 못하니까 진짜 보기 싫고 그래서 제가 류현진 선수를 보게 됐그든요 그 앞에는,너무 못하니까 진짜 보기 싫고 그래서 제가 류현진 선수를 보게 됐그든요 그 앞에는
박찬호 있을 때는 저도 메이저 리그 잘 안 챙겨봤는데,박찬호 있을 때는 저도 메이저 리그 잘 안 챙겨봤는데
그땐 또 스포츠 중계가 그렇게 박찬호,그땐 또 스포츠 중계가 그렇게 박찬호
하는 경기를 뭐~ 일일이 다 중계방송 안 핸 것 같애요 그래서 안 챙겨봤는데 삼성이 넘 못 하니까,하는 경기를 뭐~ 일일이 다 중계방송 안 한 것 같애요 그래서 안 챙겨봤는데 삼성이 넘 못 하니까
그것도 제 불면증 시기하고 이게 또 맞물려서 새벽에 인제 메이저 리그도,그것도 제 불면증 시기하고 이게 또 맞물려서 새벽에 인제 메이저 리그도
내가 좋아하는 야구를 하다 보니까 류현진이 그때 또 미국에 가게 되고 이래서 봤는데,내가 좋아하는 야구를 하다 보니까 류현진이 그때 또 미국에 가게 되고 이래서 봤는데
하여튼 저는 보는 것만 좋아해요 하는 거 별로 안 좋아해요 그리고 그~ 르 이승엽 선수 보면은,하여튼 저는 보는 것만 좋아해요 하는 거 별로 안 좋아해요 그리고 그~ 르 이승엽 선수 보면은
스포츠 선수도 그렇고 우리 일반인 스 뭐~ 삶도 그렇고,스포츠 선수도 그렇고 우리 일반인 스 뭐~ 삶도 그렇고
오르막이 있으면 내리막도 있고 이렇잖아요 근데 스포츠 선수들도 보면은 박세리 선수도 그렇고,오르막이 있으면 내리막도 있고 이렇잖아요 근데 스포츠 선수들도 보면은 박세리 선수도 그렇고
다 한 번씩 슬럼프가 오는데 그 슬럼프를 잘 극복한 선수들이,다 한 번씩 슬럼프가 오는데 그 슬럼프를 잘 극복한 선수들이
다 대승하고 끝도 아름답게 마무리하고 그런 것 같애요 국민들의 그~ 신임도 얻고,다 대승하고 끝도 아름답게 마무리하고 그런 것 같애요 국민들의 그~ 신임도 얻고
근데 이제 라이온즈에 박한이 선수라고 물론 아시겠죠  님도 근데,근데 이제 라이온즈에 박한이 선수라고 물론 아시겠죠  님도 근데
그 선수는 참 안타까운 게 시즌 잘 마무리하고,그 선수는 참 안타까운 게 시즌 잘 마무리하고
마무리하고 이제 뭐~ 음주 운전 때문에,마무리하고 이제 뭐~ 음주 운전 때문에
갑자기 진짜 뭐~ 아무도 모르게 사라졌잖아요 은퇴식도 진짜 이승엽 못지않게,갑자기 진짜 뭐~ 아무도 모르게 사라졌잖아요 은퇴식도 진짜 이승엽 못지않게
저는 해 칭송받을 선수라고 저는 개인적으로 생각했거든요.,저는 해 칭송받을 선수라고 저는 개인적으로 생각했거든요.
성실하고 꾸준하고 이랬는데,성실하고 꾸준하고 이랬는데
그~ 음주 운전 한순간의 실수로 그렇게 박한이라는 세 글자가,그~ 음주 운전 한순간의 실수로 그렇게 박한이라는 세 글자가
사람들한테 잊혀진다는 게 참 안타깝더라고요 가족은 아니지만,사람들한테 잊혀진다는 게 참 안타깝더라고요 가족은 아니지만
그~ 선수들 음주 운전 그~ 참 안타깝게 생각하는데,그~ 선수들 음주 운전 그~ 참 안타깝게 생각하는데
님은 어떻게 생각하세요 스포츠 선수들이 음주 운전해서 뭐~ 이렇게,님은 어떻게 생각하세요 스포츠 선수들이 음주 운전해서 뭐~ 이렇게
갑자기 사라지고 이러잖아예.,갑자기 사라지고 이러잖아요.
이게 보면 스포츠 선수뿐만 아니라 지금 음주 운전해서 제가 지금,이게 보면 스포츠 선수뿐만 아니라 지금 음주 운전해서 제가 지금
그래도 드라마 요새 볼 거 없어서 한 개 보는 따라 뭐~ 개천용인가?,그래도 드라마 요새 볼 거 없어서 한 개 보는 따라 뭐~ 개천용인가?
재밌다 그래서 그~ 보는데 배성우 씨도 그렇잖아요 그래서 음주 운전으로 한순간에 인제 무너지는 걸 보면서,재밌다 그래서 그~ 보는데 배성우 씨도 그렇잖아요 그래서 음주 운전으로 한순간에 인제 무너지는 걸 보면서
이케 이거 음주 운전 음주 자체가,이렇게 이거 음주 운전 음주 자체가
운전을 하면 안 되는데 또 그런 게 또 안 되는 게 있는 모양이지요 그래서 인제,운전을 하면 안 되는데 또 그런 게 또 안 되는 게 있는 모양이지요 그래서 인제
그 사람들도 다 성인들이고 한데 그런 거 자체를,그 사람들도 다 성인들이고 한데 그런 거 자체를
몬 이겨내면은 안 되는 것 같은데 그래도 어쨌거나 이겨내는 사람들이 많고,못 이겨내면은 안 되는 것 같은데 그래도 어쨌거나 이겨내는 사람들이 많고
또 어쨌거나 그런 음주 운전을 안 하는 사람들이 많은 걸 볼 때,또 어쨌거나 그런 음주 운전을 안 하는 사람들이 많은 걸 볼 때
그래도 아직까지는 바로 선 사람들이 많은 것 같더라고요 근데 이제 안타까운 마음들이 많더라고요 이 음주나 사기나,그래도 아직까지는 바로 선 사람들이 많은 것 같더라고요 근데 이제 안타까운 마음들이 많더라고요 이 음주나 사기나
또 특히 또 삼성 같은 경우는 무슨 도박을 많이 해가지고 지금 선수들이  많이,또 특히 또 삼성 같은 경우는 무슨 도박을 많이 해가지고 지금 선수들이  많이
구단 자체도 무너져버리는 걸 볼 때는 되게 안타깝더라고요 인제 선수들이,구단 자체도 무너져버리는 걸 볼 때는 되게 안타깝더라고요 인제 선수들이
사람들이 한길만 가다 보니까 그 사람들이 무너지는 것도 쫌 쉬운 거 같더라고요.,사람들이 한길만 가다 보니까 그 사람들이 무너지는 것도 조금 쉬운 거 같더라고요.
근데 인제 그~ 무너진 가운데서도 인제 일어서는 사람들은 진짜 대단한 것 같더라고요.,근데 인제 그~ 무너진 가운데서도 인제 일어서는 사람들은 진짜 대단한 것 같더라고요.
우리가 사회생활 하면서 똑같은 게 여러 가지 어려운 상황,우리가 사회생활 하면서 똑같은 게 여러 가지 어려운 상황
상황 같은 상황 중에서도,상황 같은 상황 중에서도
물론 힘들 다 힘든데 고 힘든 가운데 고걸 이겨내는 사람들이 있는가 하면은 있는가,물론 힘들 다 힘든데 고 힘든 가운데 고걸 이겨내는 사람들이 있는가 하면은 있는가
하면은 또 그거 이겨내지를 못하고 거기에 무너져버려서,하면은 또 그거 이겨내지를 못하고 거기에 무너져버려서
음주라든가 다른 데 인제 눈을 돌려서 자기 인생을 무너뜨리는 사람들을 볼 때는,음주라든가 다른 데 인제 눈을 돌려서 자기 인생을 무너뜨리는 사람들을 볼 때는
진짜 안타깝더라고요 그래서 한 번씩 이렇게 보면 인제 뭐~,진짜 안타깝더라고요 그래서 한 번씩 이렇게 보면 인제 뭐~
운동선수나 연예인들이나 보면 이게 너무 안타까운 부분들이 많더라고요 그~ 나도 안타깝게 생각하긴 하는데,운동선수나 연예인들이나 보면 이게 너무 안타까운 부분들이 많더라고요 그~ 나도 안타깝게 생각하긴 하는데
그것도 그 사람들의 몫인 것 같애요 그 사람들이 뭐~,그것도 그 사람들의 몫인 것 같애요 그 사람들이 뭐~
팔자도 아닌가 그 사람들 몫인 것 같애 그 사람들 인생에,팔자도 아닌가 그 사람들 몫인 것 같애 그 사람들 인생에
몫이고 또 운동선수는 쫌  단순하고 진짜 이케 보면은,몫이고 또 운동선수는 조금  단순하고 진짜 이렇게 보면은
강호동도  운동선수고 뭐~ 씨름 이렇게 운동하는 그 사람들을 보면은,강호동도  운동선수고 뭐~ 씨름 이렇게 운동하는 그 사람들을 보면은
가식이 없는 것 같더라고 그리고 인제 선후배 관계 철저한 거 같고 순진하다 그러나 운동하는 사람들이 제가 보기에는 그런 것 같더라고요.,가식이 없는 것 같더라고 그리고 인제 선후배 관계 철저한 거 같고 순진하다 그러나 운동하는 사람들이 제가 보기에는 그런 것 같더라고요.
순진하게도 보이고 순박하게도 보이고,순진하게도 보이고 순박하게도 보이고
또 바르게만 컸던 사람 걷는 사람들이 많더라고요 근데 이제 한순간에 무너져 버리는 거 보면은,또 바르게만 컸던 사람 걷는 사람들이 많더라고요 근데 이제 한순간에 무너져 버리는 거 보면은
안타깝기는 안타깝더라고요 그래도 뭐~ 그것들을 그 사람들이 다 짊어져야 할 몫이 몫인 것 같고,안타깝기는 안타깝더라고요 그래도 뭐~ 그것들을 그 사람들이 다 짊어져야 할 몫이 몫인 것 같고
운동선수든 우리든 다 그렇죠 그런데 바로 사는 게 제일 중요한 것 같애요.,운동선수든 우리든 다 그렇죠 그런데 바로 사는 게 제일 중요한 것 같애요.
우리 인생이 짧으면 짧고 길다면 긴데 그 인생 가운데,우리 인생이 짧으면 짧고 길다면 긴데 그 인생 가운데
그~ 몇 시간을 못 참고 그 몇 분을 못 참아서 그렇게 불법을 저지르고,그~ 몇 시간을 못 참고 그 몇 분을 못 참아서 그렇게 불법을 저지르고
다른 사람들은 정말로 그 사람들 기대하는 사람들이 얼마나 많은데 그 사람들한테 이렇게 뭐라 그러지?,다른 사람들은 정말로 그 사람들 기대하는 사람들이 얼마나 많은데 그 사람들한테 이렇게 뭐라 그러지?
아~ 암튼 그 사람들한테 걱정을 끼키는 것 그런 거는 진짜 안 된 거 안 되는 거라고 생각하거든요 그래서 그 사람 인생에  안타깝지만 또 상처받는 건 우리도 안타까운 것 같애요 그래도 어쨌거나,아~ 암튼 그 사람들한테 걱정을 끼치는 것 그런 거는 진짜 안 된 거 안 되는 거라고 생각하거든요 그래서 그 사람 인생에  안타깝지만 또 상처받는 건 우리도 안타까운 것 같애요 그래도 어쨌거나
운동선수들이든 누구든지 이제 바로 서야 될 것 같애요 바른 자세를 가지고,운동선수들이든 누구든지 이제 바로 서야 될 것 같애요 바른 자세를 가지고
힘든 거는 다 힘든 건데 고걸 이겨낼 수 있는 힘을 많이 길러야 될 것 같애요.,힘든 거는 다 힘든 건데 고걸 이겨낼 수 있는 힘을 많이 길러야 될 것 같애요.
그러고 인제 갑자기 생각하니까 이천이 년 월드컵 생각나네요 그때,그러고 인제 갑자기 생각하니까 이천이 년 월드컵 생각나네요 그때
또 우리가 얼마나 열심히 많이 응원했잖아요 그쵸 그때,또 우리가 얼마나 열심히 많이 응원했잖아요 그쵸 그때
우리가 우리 세대가 지금 내하고 이렇게,우리가 우리 세대가 지금 나하고 이렇게
이야기를 해보니까 세대가 비슷한 것 같은데 우리 세대가 참 행복한 세대라고 이야기하더라고요?,이야기를 해보니까 세대가 비슷한 것 같은데 우리 세대가 참 행복한 세대라고 이야기하더라고요?
팔십육 년 아시안 게임도 보고 팔십팔 년도 월드컵도 보고,팔십육 년 아시안 게임도 보고 팔십팔 년도 월드컵도 보고
또 뭐~,또 뭐~
여러 가지 국제 경기를 우리 세대는 다 봤다 하더라고요 이렇게 이야기하는 거 어른들이 보면 물론,여러 가지 국제 경기를 우리 세대는 다 봤다 하더라고요 이렇게 이야기하는 거 어른들이 보면 물론
그리고 것들 우리가 그것들 볼 때는 또 젊은 나이야 우리가 늙기,그리고 것들 우리가 그것들 볼 때는 또 젊은 나이야 우리가 늙기
즐길 수 있는 나이에 그런 경기들을 다 보면서,즐길 수 있는 나이에 그런 경기들을 다 보면서
진짜 이천이 년도에 열심히 응원하고,진짜 이천이 년도에 열심히 응원하고
또 우리 팔팔 올림픽 때 그때 저는,또 우리 팔팔 올림픽 때 그때 저는
아시아 게임 우리 그때 우리 학교가 무슨 뭐~,아시아 게임 우리 그때 우리 학교가 무슨 뭐~
그때 두리 공원에서 뭐~ 이렇게 그거 했어요 뭐~ 뭐~,그때 두리 공원에서 뭐~ 이렇게 그거 했어요 뭐~ 뭐~
그때 무슨 카드 게임이라 그런 거 연습한다고 그때 우리 고등학생,그때 무슨 카드 게임이라 그런 거 연습한다고 그때 우리 고등학생
때 진짜 운동장에서 그거,때 진짜 운동장에서 그거
연습하고 아시아 게임 연습한다고 했던 게 막 생각나면서,연습하고 아시아 게임 연습한다고 했던 게 막 생각나면서
이런 여러 가지 운동을 보면서 저는,이런 여러 가지 운동을 보면서 저는
아까 이야기 했는 것처럼 운동을 너무너무 좋아해서 무슨 뭐~ 아시아 게임이든지 월드컵이라든지 동계,아까 이야기 했던 것처럼 운동을 너무너무 좋아해서 무슨 뭐~ 아시아 게임이든지 월드컵이라든지 동계
뭐~ 올림픽 그런 것들 하면은 하나도 빠지지 않고 다 보거든요 진짜 뭐~,뭐~ 올림픽 그런 것들 하면은 하나도 빠지지 않고 다 보거든요 진짜 뭐~
세계 육상 선수권 대회 저번에 한국에 대구에서 했을 때도 진짜 가서 볼 정도로,세계 육상 선수권 대회 저번에 한국에 대구에서 했을 때도 진짜 가서 볼 정도로
그 선수들 한 번 본다고 그때는,그 선수들 한 번 본다고 그때는
뭐~ 중국에 류시앙이였나 그때 누구 높이뛰기 선수가 우리나라 대구에 왔었는데 그거 한 번 보겠다고 처,뭐~ 중국에 류시앙이였나 그때 누구 높이뛰기 선수가 우리나라 대구에 왔었는데 그거 한 번 보겠다고 처
또 월드컵 경기장까지 갔는 기억들 하면 참,또 월드컵 경기장까지 갔던 기억들 하면 참
운동 아까 음악도 그렇지만 운동도,운동 아까 음악도 그렇지만 운동도
또 저한테는 그~,또 저한테는 그~
운동 또 싫어하는 여자들도 많더라고 보는 거 자제도 싫어하고 하는 것도 저도 하는 거는 뭐~ 하는 거,운동 또 싫어하는 여자들도 많더라고 보는 거 자제도 싫어하고 하는 것도 저도 하는 거는 뭐~ 하는 거
제가 좋아하는 것만 몇 개 하기는 하는데 하는 걸 또 좋아하진 않는 여자들도 많더라고요 근데 저는,제가 좋아하는 것만 몇 개 하기는 하는데 하는 걸 또 좋아하진 않는 여자들도 많더라고요 근데 저는
이런 스포츠 게임을 테레비전을 통해서 보니까 너무 좋더라고요.,이런 스포츠 게임을 테레비전을 통해서 보니까 너무 좋더라고요.
그래서 이런 운동도 내한테는,그래서 이런 운동도 나한테는
여러 가지 또 활력소가 되고,여러 가지 또 활력소가 되고
막 기다리잖는 거 있잖아요 왜 올드,막 기다리잖는 거 있잖아요 왜 올드
월드  올림픽도 원래 할 수 있었는데 그것도 못하고 하니까 막 여러 가지,월드  올림픽도 원래 할 수 있었는데 그것도 못하고 하니까 막 여러 가지
경기들이 기다려지는데 이런 코로나 때문에 아무것도 못 하고 골프도 지금,경기들이 기다려지는데 이런 코로나 때문에 아무것도 못 하고 골프도 지금
한국에서는 억지로 하고 지금 제가 좋아하는 박상현은 지금 못하고 있고 그래서,한국에서는 억지로 하고 지금 제가 좋아하는 박상현은 지금 못하고 있고 그래서
안타까운 마음들이 많습니다  씨는,안타까운 마음들이 많습니다  씨는
어때요 운동에 대해서 한번 생각해 본 적은 있어요 운동이란 어떤 건지 한번 이야기해 주시겠스 있겠습니까?,어때요 운동에 대해서 한번 생각해 본 적은 있어요 운동이란 어떤 건지 한번 이야기해 주시겠스 있겠습니까?
정말 운동 좋아하시는 것 같네요.,정말 운동 좋아하시는 것 같네요.
저도 스포츠를 너무 좋아하기 때문에 스포츠가,저도 스포츠를 너무 좋아하기 때문에 스포츠가
소위 드라마보다 더 재밌는 것 같애요.,소위 드라마보다 더 재밌는 것 같애요.
생로병사가 진짜 다 들어 있는 것 같애서,생로병사가 진짜 다 들어 있는 것 같애서
스포츠 보는 게 너무 즐겁고 근데 진짜 속상한 게,스포츠 보는 게 너무 즐겁고 근데 진짜 속상한 게
올해 올림픽이 취소됐잖아요.,올해 올림픽이 취소됐잖아요.
내년에는 정말 이 코로나가 다 종식이 돼서,내년에는 정말 이 코로나가 다 종식이 돼서
올림픽을 선수들이 안전하게 잘,올림픽을 선수들이 안전하게 잘
치뤄졌으면 좋겠고,치뤄졌으면 좋겠고
우리도 안방에서 국제적인 경기를 마음껏 볼 수 있는 날이 오면 좋겠습니다.,우리도 안방에서 국제적인 경기를 마음껏 볼 수 있는 날이 오면 좋겠습니다.
