사투리,표준어
네 저는 보통 많이 먹으면은?,네 저는 보통 많이 먹으면은?
뱃살이 많이 찌는 편인데요.,뱃살이 많이 찌는 편인데요.
그래서 어~ 그리고 또 먹은 만큼 많이 찌는 편이라서,그래서 어~ 그리고 또 먹은 만큼 많이 찌는 편이라서
다이어트를 거의 삼백육십오 일 신경 쓰고 있는 편이예요.,다이어트를 거의 삼백육십오 일 신경 쓰고 있는 편이예요.
근데 어~ 솔직히 막 진짜 맨날 맨날 신경 쓰는 건 아니고,근데 어~ 솔직히 막 진짜 맨날 맨날 신경 쓰는 건 아니고
거의 겨울에 좀 많이 먹고 살이 찌기 때문에,거의 겨울에 좀 많이 먹고 살이 찌기 때문에
보통 한 십일월 십이월에서 한 삼월까지,보통 한 십일월 십이월에서 한 삼월까지
다이어트 할려고 신경 쓰는 편이고,다이어트 할려고 신경 쓰는 편이고
또 다음 여름이 오니까 그전에 확실히 할려고 하는데 보통 방법이,또 다음 여름이 오니까 그전에 확실히 할려고 하는데 보통 방법이
어릴 때는 많이 굶었거든요?,어릴 때는 많이 굶었거든요?
근데 굶는 게 확실히 좀 건강에 안 좋은 게 확 느껴지더라고요.,근데 굶는 게 확실히 좀 건강에 안 좋은 게 확 느껴지더라고요.
제가 다이어트를 진짜 심하게 꽂혀서 했을 때가 이십 대 초반 때?,제가 다이어트를 진짜 심하게 꽂혀서 했을 때가 이십 대 초반 때?
약간 주변에 친구 중에 뼈 마른 애들이 진짜 많았었어요.,약간 주변에 친구 중에 뼈 마른 애들이 진짜 많았었어요.
그래서 그게 너무 닮고 싶어가지고,그래서 그게 너무 닮고 싶어가지고
진짜 무식하게 그냥 목캔디 먹고 굶고 막 그러다가 원래 좀 저혈압이 있었는데,진짜 무식하게 그냥 목캔디 먹고 굶고 막 그러다가 원래 좀 저혈압이 있었는데
지하철 타고 가다가 기절한 적이 있었어요.,지하철 타고 가다가 기절한 적이 있었어요.
그 뒤에서 절대 굶는 거 안 하고,그 뒤에서 절대 굶는 거 안 하고
어~ 항상 세 끼는 거의 두세 끼는 항상 챙겨 먹고 영양제도 진짜 잘 먹고,어~ 항상 세 끼는 거의 두세 끼는 항상 챙겨 먹고 영양제도 진짜 잘 먹고
웬만하면은 라면이랑,웬만하면은 라면이랑
빵 과자 같은 거를 안 먹을려고 하는 편이예요.,빵 과자 같은 거를 안 먹을려고 하는 편이예요.
혹시 평소에 하시는 다이어트 방법이 있으세요?,혹시 평소에 하시는 다이어트 방법이 있으세요?
저는 최근에는,저는 최근에는
다이어트를 크게 마음먹고 해본 적은 없고요.,다이어트를 크게 마음먹고 해본 적은 없고요.
어~ 삼 년 전인가 그때 이제,어~ 삼 년 전인가 그때 이제
겨울이었는데 여름 쪽 나라로 여행을 가야 돼가지고,겨울이었는데 여름 쪽 나라로 여행을 가야 돼가지고
그때 다이어트를 아~ 심하게 한번 제대로 해봐야겠다 해가지고,그때 다이어트를 아~ 심하게 한번 제대로 해봐야겠다 해가지고
그때도 저도 안 먹으면서 다이어트를 했었거든요.,그때도 저도 안 먹으면서 다이어트를 했었거든요.
근데 확실히 안 먹으니까 막 일어날 때나,근데 확실히 안 먹으니까 막 일어날 때나
막 침대에서 자고 갑자기 일어날 때?,막 침대에서 자고 갑자기 일어날 때?
이럴 때 갑자기 어지럽거나,이럴 때 갑자기 어지럽거나
어~,어~
그런 거 때문에 그때 이후로 다이어트는,그런 거 때문에 그때 이후로 다이어트는
크게 안 해본 것 같아요 근데 그 대신,크게 안 해본 것 같아요 근데 그 대신
제가 먹는 거를 너무 좋아해가지고 먹는 거를 잘못 끊어서,제가 먹는 거를 너무 좋아해가지고 먹는 거를 잘못 끊어서
그 대신 다이어트 약?,그 대신 다이어트 약?
칼로리 커팅제?,칼로리 커팅제?
이런 거를 주변에서 듣는 걸로,이런 거를 주변에서 듣는 걸로
되게 많이 사봤는데 혹시 칼로리 커팅제 같은 거 드셔보신 적 있어요?,되게 많이 사봤는데 혹시 칼로리 커팅제 같은 거 드셔보신 적 있어요?
네 저는,네 저는
그런 보조제를 사실 잘 안 믿었었는데 예전에,그런 보조제를 사실 잘 안 믿었었는데 예전에
커팅제 똑같은 건 아니고 제가 침 맞으러 다니던 한의원이 있었는데,커팅제 똑같은 건 아니고 제가 침 맞으러 다니던 한의원이 있었는데
거기서 다이어트 한약을 쪼끔,거기서 다이어트 한약을 쪼끔
한 일주일 치만 몇 만 원 주고 사 먹어 본 적이 있었거든요?,한 일주일 치만 몇 만 원 주고 사 먹어 본 적이 있었거든요?
근데 의사 쌤이 하시는 말이,근데 의사 선생님이 하시는 말이
약간 유튜브 같은 거 영상 보여주면서 지금도,약간 유튜브 같은 거 영상 보여주면서 지금도
치면 나오는데 타바타운동이라고 있거든요?,치면 나오는데 타바타운동이라고 있거든요?
그거를 하라는 거예요.,그거를 하라는 거예요.
그리고 이게 한약이 효과가 있는 게 아니라 진짜 안 먹어야 된다고,그리고 이게 한약이 효과가 있는 게 아니라 진짜 안 먹어야 된다고
그래서 사실 그때,그래서 사실 그때
아~ 한약을 내가 돈 주고 먹는 건데 운동이랑 식단까지 해서 빠지는 거면 한약,아~ 한약을 내가 돈 주고 먹는 건데 운동이랑 식단까지 해서 빠지는 거면 한약
효과가 아니구나 이런 생각 했었어요.,효과가 아니구나 이런 생각 했었어요.
어~ 그리고 약간,어~ 그리고 약간
그~ 칼로리 커트에 들은 성분을 알약으로 만든 영양제 같은 것도,그~ 칼로리 커트에 들은 성분을 알약으로 만든 영양제 같은 것도
이름이 갑자기 생각이 안 나는데 그거를 또 먹었었는데?,이름이 갑자기 생각이 안 나는데 그거를 또 먹었었는데?
사실 큰 효과는 못 봤던 것 같애요 그냥 기분 뭔가 폭식하고 났을 때,사실 큰 효과는 못 봤던 것 같애요 그냥 기분 뭔가 폭식하고 났을 때
그거 알약 먹으면은 안정감 드는거?,그거 알약 먹으면은 안정감 드는거?
어~ 그래서 그거는 한동안  잠깐 했다가 안 하고 요즘에는,어~ 그래서 그거는 한동안  잠깐 했다가 안 하고 요즘에는
제가 강아지 키워가지고 걔가 실내에서 배변을 안 해요.,제가 강아지 키워가지고 걔가 실내에서 배변을 안 해요.
그래서 아침저녁으로 가족이랑 번갈아가면서 해주는데,그래서 아침저녁으로 가족이랑 번갈아가면서 해주는데
거의 제가 저녁에 나가는데,거의 제가 저녁에 나가는데
어~ 한 두 시간 많으면 보통 한 시간 정도,어~ 한 두 시간 많으면 보통 한 시간 정도
빨리 걔가 진짜 빠르거든요 그래서 빨리 걷기로 다이어트하고,빨리 걔가 진짜 빠르거든요 그래서 빨리 걷기로 다이어트하고
근데 너무 힘들면은 와서 야식을 먹게 돼서,근데 너무 힘들면은 와서 야식을 먹게 돼서
뭐~ 다이어트에 좋은 것 같진 않은데 아무튼 제가 주로 하는 운동은 산책이고,뭐~ 다이어트에 좋은 것 같진 않은데 아무튼 제가 주로 하는 운동은 산책이고
그리고 많이 진짜 얼굴이 부었다 싶으면은 아침를 굶고,그리고 많이 진짜 얼굴이 부었다 싶으면은 아침를 굶고
아침에 제가 직접 커피를 내려먹어요 그러면은,아침에 제가 직접 커피를 내려먹어요 그러면은
긍까 제가 원래 변비가 있거든요 변비가 다이어트에 진짜 안 좋아잖아요.,그러니까 제가 원래 변비가 있거든요 변비가 다이어트에 진짜 안 좋아잖아요.
그래서 빈속에 커피 먹으면 안 좋다고 하는데 그게 변비에 진짜 좋더라구요.,그래서 빈속에 커피 먹으면 안 좋다고 하는데 그게 변비에 진짜 좋더라구요.
응~ 혹시 어~ 커팅제 말고,응~ 혹시 어~ 커팅제 말고
운동이나 다른 활동적인 다이어트를 해보신 적 있으세요?,운동이나 다른 활동적인 다이어트를 해보신 적 있으세요?
저는 운동은,저는 운동은
돈 내고해본 운동은,돈 내고해본 운동은
예전에 고등학교 졸업하기 직전에,예전에 고등학교 졸업하기 직전에
한두 달 엄청 수능 끝나고,한두 달 엄청 수능 끝나고
이제 할 일 없을 때?,이제 할 일 없을 때?
그때 친구랑 같이 유행했던 스피닝이라는 운동이 있었는데,그때 친구랑 같이 유행했던 스피닝이라는 운동이 있었는데
막 노래 맞춰 가지고 자전거를 단체로 타는 운동이었는데,막 노래 맞춰 가지고 자전거를 단체로 타는 운동이었는데
지금 생각해 보면,지금 생각해 보면
되게 웃긴 운동이었던 게,되게 웃긴 운동이었던 게
트로트나 가요 같은 거 틀어놓고 앞에 강사님이,트로트나 가요 같은 거 틀어놓고 앞에 강사님이
막 율동을 하면서 하트를 날리고,막 율동을 하면서 하트를 날리고
이런 운동을 한번 한 적 있어요 근데,이런 운동을 한번 한 적 있어요 근데
그~ 엄청 단순하게 단 자전거를 타고 율동하는 거 밖에 없는데,그~ 엄청 단순하게 단 자전거를 타고 율동하는 거 밖에 없는데
사십 분만 타도 땀 엄청 뻘뻘 흘리고,사십 분만 타도 땀 엄청 뻘뻘 흘리고
중간에 한번은 꼭 쉬어야 할 만큼,중간에 한번은 꼭 쉬어야 할 만큼
되게 힘들었어요 혹시 운동 어떤 거 해보셨어요?,되게 힘들었어요 혹시 운동 어떤 거 해보셨어요?
네 저는 제일 좋아하는 운동은 수영이거든요?,네 저는 제일 좋아하는 운동은 수영이거든요?
왜냐면은 유치원 때 약간 운동 특화된 유치원이여가지고,왜냐면은 유치원 때 약간 운동 특화된 유치원이여가지고
거의 맨날 달리기랑 수영을 했던 것 같애요.,거의 맨날 달리기랑 수영을 했던 것 같애요.
근데 그때 제가 잘했던 게 수영이었거든요?,근데 그때 제가 잘했던 게 수영이었거든요?
달리기는 맨날 꼴찌 아니면 꼴찌에서 이 등이었고,달리기는 맨날 꼴찌 아니면 꼴찌에서 이 등이었고
그래서 수영을 좀 위주로 좋아해가지고 성인 돼서도,그래서 수영을 좀 위주로 좋아해가지고 성인 돼서도
성인반 들어가서 다시 배우고 거의 그 뒤에는 또 자유수영해가지고,성인반 들어가서 다시 배우고 거의 그 뒤에는 또 자유수영해가지고
선생님한테 배우는 거 말고 제가 자유롭게 수영할 수 있는 시간 가서 수영하는 걸로,선생님한테 배우는 거 말고 제가 자유롭게 수영할 수 있는 시간 가서 수영하는 걸로
운동했었어요 어~ 그러면 확실히 그~ 한 오십 미터 되거든요?,운동했었어요 어~ 그러면 확실히 그~ 한 오십 미터 되거든요?
그 길이가 그래서 왕복으로 한 다섯 번만 해도 진짜 숨차고 힘들어요.,그 길이가 그래서 왕복으로 한 다섯 번만 해도 진짜 숨차고 힘들어요.
어~ 그~ 수모 쓴 내 모습이 싫긴 하지만 그래도,어~ 그~ 수모 쓴 내 모습이 싫긴 하지만 그래도
여름에는 진짜 시원하고 좋은 운동인 것 같애요.,여름에는 진짜 시원하고 좋은 운동인 것 같애요.
그리고 수영 말고는,그리고 수영 말고는
아까 말씀드린 조깅 강아지랑 같이 조깅하는 거랑,아까 말씀드린 조깅 강아지랑 같이 조깅하는 거랑
그리고 요즘에는 약간 앉아있을 때가 많다 보니까,그리고 요즘에는 약간 앉아있을 때가 많다 보니까
목이랑 등이 엄청 뭉치더라고요 그래서 그~ 폼롤러 중에,목이랑 등이 엄청 뭉치더라고요 그래서 그~ 폼롤러 중에
울퉁불퉁하게 생긴 그~ 원기둥 모양의 폼롤러라고 있거든요?,울퉁불퉁하게 생긴 그~ 원기둥 모양의 폼롤러라고 있거든요?
그거를 바닥에 대고 누워서 등을 문지르면은 진짜 아파요.,그거를 바닥에 대고 누워서 등을 문지르면은 진짜 아파요.
그리고 시원하고 뭔가 혈액순환이 잘 돼서,그리고 시원하고 뭔가 혈액순환이 잘 돼서
다이어트에 도움 될 것 같더라고요 요즘에는 그렇게 하고,다이어트에 도움 될 것 같더라고요 요즘에는 그렇게 하고
또 아침에 눈 뜨자마자 스트레칭 한 오 분 정도 해주고요.,또 아침에 눈 뜨자마자 스트레칭 한 오 분 정도 해주고요.
어릴 때는 잘 몰랐는데 확실히 시간이 흐를수록,어릴 때는 잘 몰랐는데 확실히 시간이 흐를수록
혈액순환이랑  근육 뭉친 거를 풀어 줘야겠단 생각이 계속 들더라고요.,혈액순환이랑  근육 뭉친 거를 풀어 줘야겠단 생각이 계속 들더라고요.
어~ 그렇게 운동은 그렇게 하는 편이고,어~ 그렇게 운동은 그렇게 하는 편이고
또 예전에 헬스장을 한 삼 개월 단위로 몇 번 다녔었는데,또 예전에 헬스장을 한 삼 개월 단위로 몇 번 다녔었는데
거기 기구는 제가 별로 안 좋아해서 그룹 수업하면은,거기 기구는 제가 별로 안 좋아해서 그룹 수업하면은
강사님들이 맨날 와가지고 거기 아주머니분들이랑 수업 들었거든요?,강사님들이 맨날 와가지고 거기 아주머니분들이랑 수업 들었거든요?
거기서 간단한 요가랑 필라테스 수업 들었었어요.,거기서 간단한 요가랑 필라테스 수업 들었었어요.
그리고 먹는 거는 냉동실에 닭 가슴살 좀 간된거 맛있는 걸로 사놓고,그리고 먹는 거는 냉동실에 닭 가슴살 좀 간된거 맛있는 걸로 사놓고
음~ 다이어트할려고 샀는데 좀 빵 사이에 끼워먹는다던지,음~ 다이어트할려고 샀는데 좀 빵 사이에 끼워먹는다던지
쫌 맛있게 먹는 편이예요 혹시,조금 맛있게 먹는 편이예요 혹시
어~ 먹는 걸로 다이어트해보신 적 있으세요?,어~ 먹는 걸로 다이어트해보신 적 있으세요?
저는 다이어트할 때마다 항상,저는 다이어트할 때마다 항상
건강한 음식 고구마나 닭 가슴살?,건강한 음식 고구마나 닭 가슴살?
두부 이런 거를 잘 안 챙겨 먹고 약간 무작정,두부 이런 거를 잘 안 챙겨 먹고 약간 무작정
굶는 걸 하는 것 같애요 왜냐면,굶는 걸 하는 것 같애요 왜냐면
이제 밖에서 나가면 점심을 먹을 때,이제 밖에서 나가면 점심을 먹을 때
항상 뭔가 나만 닭 가슴살 같은 걸 챙겨 먹기가,항상 뭔가 나만 닭 가슴살 같은 걸 챙겨 먹기가
상황이 힘들어서 그런 거를 쫌 적게 먹는다거나?,상황이 힘들어서 그런 거를 조금 적게 먹는다거나?
아니면 약속 없는 날에는 그냥 집에서 무작정 굶어가지고 그냥,아니면 약속 없는 날에는 그냥 집에서 무작정 굶어가지고 그냥
과일 몇 개 주워 먹는다거나?,과일 몇 개 주워 먹는다거나?
저는 보통 그래서 다이어트가 그렇게 해서 실패를 했던 것 같긴 한데,저는 보통 그래서 다이어트가 그렇게 해서 실패를 했던 것 같긴 한데
저는 보통은 그렇게 했던 것 같애요 그래도,저는 보통은 그렇게 했던 것 같애요 그래도
그렇게 안 먹으면 빠지긴 빠지는데,그렇게 안 먹으면 빠지긴 빠지는데
건강이 확실히 안 좋아지는 게 느껴지고,건강이 확실히 안 좋아지는 게 느껴지고
아직 나이가,아직 나이가
그렇게 많은 나이라고 생각하지도 않았는데 이제 팔에 힘이 없어서,그렇게 많은 나이라고 생각하지도 않았는데 이제 팔에 힘이 없어서
쪼금만 무거운 물건을 들어도 못 들거나,쪼금만 무거운 물건을 들어도 못 들거나
막 어디 등산을 가더라도,막 어디 등산을 가더라도
또래 다른 애들 보다 체력이 너무 약해서 금방 지치게 되는 것 같애요 그래서,또래 다른 애들 보다 체력이 너무 약해서 금방 지치게 되는 것 같애요 그래서
다이어트할 때는 진짜,다이어트할 때는 진짜
건강한 음식들을 사람들이 왜 챙겨 먹는지 알겠다라는 생각을 많이 했고,건강한 음식들을 사람들이 왜 챙겨 먹는지 알겠다라는 생각을 많이 했고
네 그래서 그 뒤로는 칼로리 커팅제 이런 것도,네 그래서 그 뒤로는 칼로리 커팅제 이런 것도
잘 안먹었던것 같아요 그 뒤로 다이어트 자체를 잘 안 했던 거 같기도 하고,잘 안먹었던것 같아요 그 뒤로 다이어트 자체를 잘 안 했던 거 같기도 하고
혹시 다이어트할 때 최고로 많이 빼 본 몸무게가 몇 키로예요?,혹시 다이어트할 때 최고로 많이 빼 본 몸무게가 몇 키로예요?
네 제가 살이 제일 많이 쪘을 때가 고등학교 삼 학년 때거든요?,네 제가 살이 제일 많이 쪘을 때가 고등학교 삼 학년 때거든요?
그때 야자를 필수로 했었어야 해가지고,그때 야자를 필수로 했었어야 해가지고
야쟈하고 또 뭐~ 공부 더 할 거 있으면은 열 시 열한 시까지 공부하고,야쟈하고 또 뭐~ 공부 더 할 거 있으면은 열 시 열한 시까지 공부하고
집에 와서 맨날 야식을 먹었어요.,집에 와서 맨날 야식을 먹었어요.
거의 라면 거기다가 막 계란 넣고 뭐~ 햄 넣고 이렇게 먹었는데,거의 라면 거기다가 막 계란 넣고 뭐~ 햄 넣고 이렇게 먹었는데
그때는 공부 스트레스 때문에,그때는 공부 스트레스 때문에
이게 맛있는 거보다는 약간 마음이 허한 거를 채우는 느낌으로 진짜 토할 때까지 먹었거든요?,이게 맛있는 거보다는 약간 마음이 허한 거를 채우는 느낌으로 진짜 토할 때까지 먹었거든요?
토는 안 하고 그래서 그게 막 한 두 달 만에,토는 안 하고 그래서 그게 막 한 두 달 만에
거의 칠 팔 키로가 찐 거예요 진짜로 그래서 선생님들도 놀래고 막 친구들도,거의 칠 팔 키로가 찐 거예요 진짜로 그래서 선생님들도 놀래고 막 친구들도
무슨 일이냐고 막 그랬었는데,무슨 일이냐고 막 그랬었는데
저도 그때 제 몸이 무거운 게 확 느껴지는 거예요.,저도 그때 제 몸이 무거운 게 확 느껴지는 거예요.
막 교복도 터질려고 하고 그래가지고 맨날 체육복 입고 다니면서,막 교복도 터질려고 하고 그래가지고 맨날 체육복 입고 다니면서
어~ 그 뒤로는 약간 먹는 것도 자제하고,어~ 그 뒤로는 약간 먹는 것도 자제하고
저녁 급식도 신청 안 하고,저녁 급식도 신청 안 하고
다이어트하는 친구들이랑 뭐~ 미숫가루 먹고 막 그래가지고,다이어트하는 친구들이랑 뭐~ 미숫가루 먹고 막 그래가지고
다시 원상 복귀했었어요 천천히 어~ 그래서,다시 원상 복귀했었어요 천천히 어~ 그래서
어~ 근데 그때는 친구들도 다이어트하는 애들이 많아 가지고 엄청 스트레스 받지는 않았는데,어~ 근데 그때는 친구들도 다이어트하는 애들이 많아 가지고 엄청 스트레스 받지는 않았는데
어~ 그 뒤로는 그렇게까지 찌지 않고 항상 그 몸무게 유지하고 있어요.,어~ 그 뒤로는 그렇게까지 찌지 않고 항상 그 몸무게 유지하고 있어요.
어~ 근데 확실히 찌다가,어~ 근데 확실히 찌다가
이게 다시 돌아오니까 피부가 쫌 안 좋아지는 것 같더라고요.,이게 다시 돌아오니까 피부가 조금 안 좋아지는 것 같더라고요.
그래서 항상 특히 여름에 아 겨울에?,그래서 항상 특히 여름에 아 겨울에?
바디로션이나 바디오일 맨날 발라주고?,바디로션이나 바디오일 맨날 발라주고?
요즘에는 또 다이어트할 때 많이 안 먹으면 피부에 윤기도 없는 것 같애서,요즘에는 또 다이어트할 때 많이 안 먹으면 피부에 윤기도 없는 것 같애서
저녁에 자기 전에 저렴한 거라도 맨날 해주면 좋다고 하길래,저녁에 자기 전에 저렴한 거라도 맨날 해주면 좋다고 하길래
저렴한 거 사가지고 맨날 해주고 있어요.,저렴한 거 사가지고 맨날 해주고 있어요.
어~ 그리고 요즘에는,어~ 그리고 요즘에는
어릴 때만큼 막 식욕이 폭발 한 한 적이 잘 없는 것 같아 가지고,어릴 때만큼 막 식욕이 폭발 한 한 적이 잘 없는 것 같아 가지고
막 다이어트에 엄청 스트레스 받고 그렇게 하지는 않는 것 같애요.,막 다이어트에 엄청 스트레스 받고 그렇게 하지는 않는 것 같애요.
제일 많이 몇 키로까지 빼보셨어요?,제일 많이 몇 키로까지 빼보셨어요?
저는 아까 말한 그~,저는 아까 말한 그~
더운 나라에 놀러 갈려고 그때 극단적으로,더운 나라에 놀러 갈려고 그때 극단적으로
쫌 안 먹어서 그 때 한 육 키로?,조금 안 먹어서 그 때 한 육 키로?
빼본 게 제일 많이 빼본 몸무게인 것 같애요 사실,빼본 게 제일 많이 빼본 몸무게인 것 같애요 사실
제일 많이 빼본 거라고 얘기하기도 쫌 그런 게,제일 많이 빼본 거라고 얘기하기도 조금 그런 게
다이어트를 그때 말고는 성공해본 적이 없어서,다이어트를 그때 말고는 성공해본 적이 없어서
딱히 없는데 그때 먹었던 게 그래도 쫌 그나마 도움이 됐다고 생각하는 건,딱히 없는데 그때 먹었던 게 그래도 조금 그나마 도움이 됐다고 생각하는 건
그때 한창 초록이 분홍이라고,그때 한창 초록이 분홍이라고
소유가 나와서 광고하는 다이어트 보조제가 있었는데,소유가 나와서 광고하는 다이어트 보조제가 있었는데
그거를 가기 전 한 달 전부터 그거를 계속 먹었었어요.,그거를 가기 전 한 달 전부터 그거를 계속 먹었었어요.
근데 그것도 몸에 안 좋다고 느꼈던 게,근데 그것도 몸에 안 좋다고 느꼈던 게
그~ 초록이 인지 분홍이 인지 모르겠는데 둘 중 하나가,그~ 초록이 인지 분홍이 인지 모르겠는데 둘 중 하나가
약간 설사유도를 하는 게 있는 것 같아 가지고,약간 설사유도를 하는 게 있는 것 같아 가지고
그때 심할 때 화장실을,그때 심할 때 화장실을
세 번 네 번까지 가고 그것 때문에,세 번 네 번까지 가고 그것 때문에
화장실을 엄청 자주 가고 있었는데 하필 또 그때 학교 시험 기간이여가지고,화장실을 엄청 자주 가고 있었는데 하필 또 그때 학교 시험 기간이여가지고
시험 치는 도중에 화장실이 너무 가고 싶어가지고,시험 치는 도중에 화장실이 너무 가고 싶어가지고
그때 시험 문제를 그냥 거의,그때 시험 문제를 그냥 거의
백지로 내다시피 그냥 아무렇게나 적고,백지로 내다시피 그냥 아무렇게나 적고
나와가지고 시험도 한번 망했어 가지고 그 뒤로는,나와가지고 시험도 한번 망했어 가지고 그 뒤로는
다이어트 보조제를 그 뒤로 먹긴 했지만 그래도,다이어트 보조제를 그 뒤로 먹긴 했지만 그래도
너무 다이어트 보조에 의존할려고는 하지 않았던 것 같애요.,너무 다이어트 보조에 의존할려고는 하지 않았던 것 같애요.
요새 다이어트 방법 중에 간헐적 단식이라고,요새 다이어트 방법 중에 간헐적 단식이라고
되게 유명하던데 혹시 그거 해보셨어요?,되게 유명하던데 혹시 그거 해보셨어요?
네 간헐적 단식이,네 간헐적 단식이
뭐~ 여섯에서 여덟 시간 동안만 먹고 나머지 시간은 굶는 그런 거잖아요.,뭐~ 여섯에서 여덟 시간 동안만 먹고 나머지 시간은 굶는 그런 거잖아요.
그래서 저도 그런 방식을 해봤는데,그래서 저도 그런 방식을 해봤는데
진짜 효과가 좋긴 좋더라고요 보통 아침을 굶고,진짜 효과가 좋긴 좋더라고요 보통 아침을 굶고
점심을 먹고 저녁을 좀 일찍 먹고 그 뒤로는 아무것도 안 먹고,점심을 먹고 저녁을 좀 일찍 먹고 그 뒤로는 아무것도 안 먹고
다음날 아침 일어나면은 그게 간헐적 단식을 한 거잖아요.,다음날 아침 일어나면은 그게 간헐적 단식을 한 거잖아요.
근데 그렇게 하는 게 한 하루를 넘기기가 힘들더라고요 왜냐면은,근데 그렇게 하는 게 한 하루를 넘기기가 힘들더라고요 왜냐면은
저녁에 되면 맨날 배고파 가지고,저녁에 되면 맨날 배고파 가지고
근데 그거를 제가 또,근데 그거를 제가 또
개그우먼인가 예전에 티비에 나와가지고,개그우먼인가 예전에 티비에 나와가지고
그걸로 엄청 말라진 연예인 나왔었어요 여자 연예인,그걸로 엄청 말라진 연예인 나왔었어요 여자 연예인
그래서 그 사람 따라 한다고 해봤는데,그래서 그 사람 따라 한다고 해봤는데
다른 거보다는 다른 다이어트보다는 확실히 몸에 부담도 덜 가고,다른 거보다는 다른 다이어트보다는 확실히 몸에 부담도 덜 가고
좀 건강에 좋은 느낌 그래서,좀 건강에 좋은 느낌 그래서
그거는 되게 좋다고 생각하는 다이어트 방식이예요 그래서 그때,그거는 되게 좋다고 생각하는 다이어트 방식이예요 그래서 그때
한 급하게 막 먹은 살찐 거 한 삼 키로정도?,한 급하게 막 먹은 살찐 거 한 삼 키로정도?
빼본 적 있는 것 같아요 근데 막 그게 살로만 이루어진 삼 키로가 아니라 약간 붓기 같은 게 섞인 삼 키로정도?,빼본 적 있는 것 같아요 근데 막 그게 살로만 이루어진 삼 키로가 아니라 약간 붓기 같은 게 섞인 삼 키로정도?
근데 제가 먹으면 엄청 잘 먹어가지고,근데 제가 먹으면 엄청 잘 먹어가지고
거의 뷔페 같은데 가면은,거의 뷔페 같은데 가면은
친구들 중에 끝까지 남아서 먹는 스타일이거든요?,친구들 중에 끝까지 남아서 먹는 스타일이거든요?
쪼끔씩 왜냐 제가 약간 디저트를 좋아해서,쪼끔씩 왜냐 제가 약간 디저트를 좋아해서
친구들은 두 접시 세 접시까지 메인 요리 먹고 있을 때 저는 한 접시만 뭐~ 고기 이런 거 먹고 나머지는,친구들은 두 접시 세 접시까지 메인 요리 먹고 있을 때 저는 한 접시만 뭐~ 고기 이런 거 먹고 나머지는
마카롱 뭐~ 이런 거 먹거든요?,마카롱 뭐~ 이런 거 먹거든요?
근데 그런 게 더 살찌 잖아요 고기보다,근데 그런 게 더 살찌 잖아요 고기보다
어~ 근데 그렇게 먹으면은 다음날 아침까지 배가 안 고프더라고요.,어~ 근데 그렇게 먹으면은 다음날 아침까지 배가 안 고프더라고요.
그게 약간 간헐적 단식인 것 같애요.,그게 약간 간헐적 단식인 것 같애요.
혹시 간헐적 단식해보셨어요?,혹시 간헐적 단식해보셨어요?
저는 제가 해보진 않았고,저는 제가 해보진 않았고
제 동생이 간헐적 단식을 했었는데 동생이 그때,제 동생이 간헐적 단식을 했었는데 동생이 그때
살이 갑자기 확 찌면서,살이 갑자기 확 찌면서
거의 오 키로가 늘었는데,거의 오 키로가 늘었는데
그때 간헐적 단식을 한다고 하루에 한 끼 만 먹었는데,그때 간헐적 단식을 한다고 하루에 한 끼 만 먹었는데
그때 한 끼를 먹는 것도 막,그때 한 끼를 먹는 것도 막
쪼끔 먹는 것도 아니고 그냥,쪼끔 먹는 것도 아니고 그냥
사람들이 일반적으로 먹는 일 인분?,사람들이 일반적으로 먹는 일 인분?
그거를 먹고 음식 종류도 그냥,그거를 먹고 음식 종류도 그냥
떡볶이도 먹고 라면도 먹고 먹고 싶은 걸 다 먹었는데?,떡볶이도 먹고 라면도 먹고 먹고 싶은 걸 다 먹었는데?
그냥 예전 체중으로 돌아오는 걸 보고 간헐적 단식이,그냥 예전 체중으로 돌아오는 걸 보고 간헐적 단식이
어~ 간헐적 단식이 좋구나라는 걸 느꼈고,어~ 간헐적 단식이 좋구나라는 걸 느꼈고
그래서 동생이 계속 그런 식으로 살을 빼니까,그래서 동생이 계속 그런 식으로 살을 빼니까
건강이 걱정돼 가지고 한번 찾아봤었는데,건강이 걱정돼 가지고 한번 찾아봤었는데
생각보다 간헐적 단식이 건강을 해치치도 않고 오히려,생각보다 간헐적 단식이 건강을 해치치도 않고 오히려
그거를 너무 장기간 하는 게 아니면 오히려,그거를 너무 장기간 하는 게 아니면 오히려
몸이 더 좋아진다는 걸 듣고,몸이 더 좋아진다는 걸 듣고
아~ 그래도 다이어트 중에서는,아~ 그래도 다이어트 중에서는
그래도 할 만하고 나름 건강한 다이어트구나라고 생각했던 것 같애요.,그래도 할 만하고 나름 건강한 다이어트구나라고 생각했던 것 같애요.
간헐적 단식 말고 예전에,간헐적 단식 말고 예전에
막 덴마크 다이어트?,막 덴마크 다이어트?
뭐~ 산토끼 다이어트?,뭐~ 산토끼 다이어트?
이런 다이어트들도 되게 많은데 그중에 해보신 거 있으세요?,이런 다이어트들도 되게 많은데 그중에 해보신 거 있으세요?
네 저는 덴마크 다이어트 친구가 하는 거는 옆에서 봤었고,네 저는 덴마크 다이어트 친구가 하는 거는 옆에서 봤었고
제 저는 그거를 딱 지켜서 못하겠더라고요 너무,제 저는 그거를 딱 지켜서 못하겠더라고요 너무
거의 굶는 수준이라서 제가 볼 때?,거의 굶는 수준이라서 제가 볼 때?
그래서 저는 해독쥬스 예전에 레시피를 봤는데 양배추랑 사과,그래서 저는 해독쥬스 예전에 레시피를 봤는데 양배추랑 사과
토마토 브로콜리 이런 거 넣고,토마토 브로콜리 이런 거 넣고
익힌 거를 같이 물이랑 갈아서 마시면은,익힌 거를 같이 물이랑 갈아서 마시면은
밥 대신 먹으면은 살 빠진다고 하는 다이어트 방법인데,밥 대신 먹으면은 살 빠진다고 하는 다이어트 방법인데
그게 이름이 해독주스잖아요 근데 실제로 약간 많이 먹고 살 쪘을 때,그게 이름이 해독주스잖아요 근데 실제로 약간 많이 먹고 살 쪘을 때
해독하고 싶은 느낌이 들어서 한번 해봤거든요?,해독하고 싶은 느낌이 들어서 한번 해봤거든요?
근데 진짜 효과 좋았어요 변비에도 좋고,근데 진짜 효과 좋았어요 변비에도 좋고
뭔가 몸이 확 좋아지는 느낌?,뭔가 몸이 확 좋아지는 느낌?
그래서 꼭 다이어트 아니더라도 뭔가,그래서 꼭 다이어트 아니더라도 뭔가
채소랑 과일을 먹어야 되겠다는 생각이 들면은,채소랑 과일을 먹어야 되겠다는 생각이 들면은
그거를 먹는 편이예요.,그거를 먹는 편이예요.
