사투리,표준어
콘서트 가보신 적이 있으신가요?,콘서트 가보신 적이 있으신가요?
저는 콘서트를,저는 콘서트를
제가 수능을 치고 바로 가봤었데요 그 콘서트가,제가 수능을 치고 바로 가봤었데요 그 콘서트가
언러 래퍼들 콘서트였거든요.,언러 래퍼들 콘서트였거든요.
제가 그때는 정말 아무런 정보가 없는데,제가 그때는 정말 아무런 정보가 없는데
아는 언니가 가자고 해서 같이 티켓팅을 했는데,아는 언니가 가자고 해서 같이 티켓팅을 했는데
너무 좋은 좌석이 걸린 거예요.,너무 좋은 좌석이 걸린 거예요.
그래서 서울이라서 쪼금 멀어서 고민을 하다가,그래서 서울이라서 쪼금 멀어서 고민을 하다가
일 박 이 일로 해서 콘서트를 참여를 해봤는데,일 박 이 일로 해서 콘서트를 참여를 해봤는데
처음 갔을 때 너무 어색하더라구요.,처음 갔을 때 너무 어색하더라구요.
콘서트를 하러 갔는데 이제 사람들이 마구마구 있는데,콘서트를 하러 갔는데 이제 사람들이 마구마구 있는데
그 콘서트장을 제가 처음 가본 거다 보니까,그 콘서트장을 제가 처음 가본 거다 보니까
이제 무대는 정중앙에 있는데 이제 이 층이랑 일 층이랑 나눠서,이제 무대는 정중앙에 있는데 이제 이 층이랑 일 층이랑 나눠서
둘러싸듯이 유자 형태로,둘러싸듯이 유자 형태로
좌석이 있었거든요.,좌석이 있었거든요.
그래서 뭐~ 어~ 이런 게 들리나?,그래서 뭐~ 어~ 이런 게 들리나?
어떻게 나한테 들릴 수가 있을까 저 사람들이 저기에서,어떻게 나한테 들릴 수가 있을까 저 사람들이 저기에서
노래를 하거나 랩을 하면은 내가 못 들을 거 같은데,노래를 하거나 랩을 하면은 내가 못 들을 거 같은데
시작하자마자 너무 웅장한 비트가 제 귀에 쏙쏙 박히더라구요.,시작하자마자 너무 웅장한 비트가 제 귀에 쏙쏙 박히더라구요.
그런데 이제 그 래퍼들이,그런데 이제 그 래퍼들이
제 모르는 사람이다 보니까,제 모르는 사람이다 보니까
옆에서 추임새를 막 넣고 사람들이 리듬을 타면서,옆에서 추임새를 막 넣고 사람들이 리듬을 타면서
몸동작 같은 걸 하는데,몸동작 같은 걸 하는데
저는 못 해서 이제 엉거주춤하기도 하고,저는 못 해서 이제 엉거주춤하기도 하고
제가 수능 친 지 얼마 안 돼가지구,제가 수능 친 지 얼마 안 돼가지구
이제 수능 점수가 나오는 걸 기다리다가 쫌 걱정이 돼서 그런지,이제 수능 점수가 나오는 걸 기다리다가 조금 걱정이 돼서 그런지
잠을 많이 설치다 보니까,잠을 많이 설치다 보니까
콘서트장에서 그 소음이었는지 쪼끔 졸기도 했거든요.,콘서트장에서 그 소음이었는지 쪼끔 졸기도 했거든요.
그러니까 옆에서 팬 같은 사람들이,그러니까 옆에서 팬 같은 사람들이
자기가 좋아하는,자기가 좋아하는
사람들이 나왔는데 래퍼가 나왔는데 쫌 조는 모습을 보고,사람들이 나왔는데 래퍼가 나왔는데 조금 조는 모습을 보고
쫌 안 좋게 자기들끼리 얘기하는 경우도 있었는데,조금 안 좋게 자기들끼리 얘기하는 경우도 있었는데
그때 거기 가가지구 칸토랑 팔로알토 그리고 뭐~ 그때는,그때 거기 가가지구 칸토랑 팔로알토 그리고 뭐~ 그때는
특별 게스트로 지코도 나오고 했었거든요.,특별 게스트로 지코도 나오고 했었거든요.
근데 그 사람들을 처음 가보고 알게 되니까,근데 그 사람들을 처음 가보고 알게 되니까
이제 음원으로 듣던 거랑 느낌이 다르고 음원으로 들을 때는,이제 음원으로 듣던 거랑 느낌이 다르고 음원으로 들을 때는
아~ 이거 쫌 별로인데 했던 것들도,아~ 이거 조금 별로인데 했던 것들도
거기에서 들으니까 그 분위기도 신나고,거기에서 들으니까 그 분위기도 신나고
쫌 자연스러우니까 노래가 되게 좋게 들리더라구요.,조금 자연스러우니까 노래가 되게 좋게 들리더라구요.
그리구 믹스테잎 같은 것도 거기에서 정식으로 음원이 발매가 안 된 거를,그리구 믹스테잎 같은 것도 거기에서 정식으로 음원이 발매가 안 된 거를
이제 공연을 선보여줘가지구,이제 공연을 선보여줘가지구
그 콘서트가 저한테는 쪼끔 어색하고,그 콘서트가 저한테는 쪼끔 어색하고
그렇지만 진짜 좋은 기억으로 남아있거든요.,그렇지만 진짜 좋은 기억으로 남아있거든요.
그거 말고는 콘서트를 간 적은 없구요.,그거 말고는 콘서트를 간 적은 없구요.
아~ 최근에 코로나라서 온라인 콘서트를 개최를 하더라고요.,아~ 최근에 코로나라서 온라인 콘서트를 개최를 하더라고요.
유튜브에서 이제 부천 만화 축제 만화 협회 같은 곳에서 이제,유튜브에서 이제 부천 만화 축제 만화 협회 같은 곳에서 이제
애니메이션 노래 이런 거 부른 성우나 이제,애니메이션 노래 이런 거 부른 성우나 이제
가수 같은 분들을 초청을 해서 온라인 애니 송 콘서트를 하더라구요.,가수 같은 분들을 초청을 해서 온라인 애니 송 콘서트를 하더라구요.
근데 거기 출연진이 툴라랑 정여진 님이라고 해가지구,근데 거기 출연진이 툴라랑 정여진 님이라고 해가지구
디지몬 노래로 되게 유명하신 분이 있어서,디지몬 노래로 되게 유명하신 분이 있어서
추억에 젖어서 이제 감상을 해봤는데,추억에 젖어서 이제 감상을 해봤는데
콘서트처럼 막 제 귀에다가 들리고 막 방방 뛰지는 않지만,콘서트처럼 막 제 귀에다가 들리고 막 방방 뛰지는 않지만
그 추억을 상기시킬 수 있고,그 추억을 상기시킬 수 있고
제가 노래를 이제 편곡을 해놓고,제가 노래를 이제 편곡을 해놓고
이제 일 절만 있던 노래를 가사를 붙여서 이 절까지 해주니까,이제 일 절만 있던 노래를 가사를 붙여서 이 절까지 해주니까
콘서트가 너무 즐겁더라구요.,콘서트가 너무 즐겁더라구요.
그 요새는 뭐~ 방구석 콘서트라고 해서 사람들이,그 요새는 뭐~ 방구석 콘서트라고 해서 사람들이
그렇게 말을 하는데,그렇게 말을 하는데
이제 집에서나마 이러 그런 콘서트를 즐길 수 있어서 너무 좋았고,이제 집에서나마 이러 그런 콘서트를 즐길 수 있어서 너무 좋았고
최근에 이제 방구석 콘서트라고 해서 이제 온라인으로,최근에 이제 방구석 콘서트라고 해서 이제 온라인으로
온라인은 아니고 티비로 나훈아 콘서트를 했었잖아요.,온라인은 아니고 티비로 나훈아 콘서트를 했었잖아요.
네 나훈아 콘서트는 우리가 티켓이 너무 티켓팅이 치열해가지구 사람들이,네 나훈아 콘서트는 우리가 티켓이 너무 티켓팅이 치열해가지구 사람들이
이거를 잘 보지 못한 경우도 있고 저도 부모님 보여주고 싶었는데 못 보고 나훈아,이거를 잘 보지 못한 경우도 있고 저도 부모님 보여주고 싶었는데 못 보고 나훈아
씨 이제 콘서트가 이제 창원에서 열렸을 때 티켓팅 알바하면서 살짝 들었던 기억이 있거든요.,씨 이제 콘서트가 이제 창원에서 열렸을 때 티켓팅 알바하면서 살짝 들었던 기억이 있거든요.
그래서 한번 봤는데 사람들이 왜 열광하는지 알 정도로,그래서 한번 봤는데 사람들이 왜 열광하는지 알 정도로
정말 그 자리에 없는데도 신이 나고 너무 다채로운 거예요.,정말 그 자리에 없는데도 신이 나고 너무 다채로운 거예요.
어마어마한 콘서트라서 그런,어마어마한 콘서트라서 그런
코로나로 인해 얻은 이점 중에 하나가,코로나로 인해 얻은 이점 중에 하나가
이 나훈아 콘서트나 제가 가보지 못할 콘서트나,이 나훈아 콘서트나 제가 가보지 못할 콘서트나
이런 부분인 거 같아요.,이런 부분인 거 같아요.
그거 말고는 콘서트 이제 직접 가본 거는 한 번밖에 없습니다.,그거 말고는 콘서트 이제 직접 가본 거는 한 번밖에 없습니다.
혹시 콘서트나 공연,혹시 콘서트나 공연
연극 아니면은,연극 아니면은
뮤지컬 같은 거 보신 적 있으실까요?,뮤지컬 같은 거 보신 적 있으실까요?
저는 뮤지컬이나,저는 뮤지컬이나
연극 이런 거는,연극 이런 거는
접해볼 기회가 없어서,접해볼 기회가 없어서
이제 주변 친구들이 그냥 갔다 온 것만,이제 주변 친구들이 그냥 갔다 온 것만
듣는 정도로 그냥 끝이 났었고,듣는 정도로 그냥 끝이 났었고
한 번은 그 인디 밴드를 쫌 좋아하는 편이어서,한 번은 그 인디 밴드를 조금 좋아하는 편이어서
약간 콘서트나 공연을 하면은 티켓팅을 해서 가보고 싶어서,약간 콘서트나 공연을 하면은 티켓팅을 해서 가보고 싶어서
찾아본 적은 있지만 한 번도 티켓팅에 성공하거나,찾아본 적은 있지만 한 번도 티켓팅에 성공하거나
아니면 일정 자체가 안 맞는 경우가 되게 많아서,아니면 일정 자체가 안 맞는 경우가 되게 많아서
네 공연을 직접 본 적은,네 공연을 직접 본 적은
없었던 거 같습니다 어~ 아까 힙합,없었던 거 같습니다 어~ 아까 힙합
공연을 보신 거 같은데,공연을 보신 거 같은데
혹시 약간 선호하는,혹시 약간 선호하는
노래 장르가 있으신가요?,노래 장르가 있으신가요?
저는 노래 장르를 딱히 선호하는 부분이 없구요.,저는 노래 장르를 딱히 선호하는 부분이 없구요.
힙합 같은 경우에도 막 선호해서 콘서트를 간 게 아니라,힙합 같은 경우에도 막 선호해서 콘서트를 간 게 아니라
그냥 가자고 해서 갔었던 거라서,그냥 가자고 해서 갔었던 거라서
근데,근데
제가 직접 처음으로 티켓팅 해서 제가 제 스스로,제가 직접 처음으로 티켓팅 해서 제가 제 스스로
티켓팅을 해서 혼자 보러 갔던 공연이 있는데,티켓팅을 해서 혼자 보러 갔던 공연이 있는데
그 공연은,그 공연은
인디 가수 공연이었거든요?,인디 가수 공연이었거든요?
근데 이 공연이 가수들 공연이 아니라,근데 이 공연이 가수들 공연이 아니라
작곡가 새봄 님의 공연이었어요.,작곡가 새봄 님의 공연이었어요.
그 새봄 님의 공연을 처음 접하고,그 새봄 님의 공연을 처음 접하고
갔는데 이제 새봄 님 모토가 당신의 이야기를 전달하는 작곡가라고 해서,갔는데 이제 새봄 님 모토가 당신의 이야기를 전달하는 작곡가라고 해서
쫌 마음에 와닿는 서정적인 가사랑 공감대가 많은,조금 마음에 와닿는 서정적인 가사랑 공감대가 많은
사랑 노래 위주로 쓰시는 분이거든요.,사랑 노래 위주로 쓰시는 분이거든요.
근데 그분이 쓰시는 곡을 멜로디와 어울리는,근데 그분이 쓰시는 곡을 멜로디와 어울리는
보이스를 가진 보컬들을 많이 섭외를 하시기 때문에,보이스를 가진 보컬들을 많이 섭외를 하시기 때문에
그 부분에 대해서 이제 한창 작곡가님한테 빠졌던 적이 있었어요.,그 부분에 대해서 이제 한창 작곡가님한테 빠졌던 적이 있었어요.
그래서 공연을 직접 홍대까지 찾아가서 본 기억이 있거든요?,그래서 공연을 직접 홍대까지 찾아가서 본 기억이 있거든요?
제가 본 공연 중에서 이제 두 번째로 가장 좋아하는 공연이고,제가 본 공연 중에서 이제 두 번째로 가장 좋아하는 공연이고
아~ 그리고 제가 이제 뮤지컬도 한번 보러 간 적이 있거든요.,아~ 그리고 제가 이제 뮤지컬도 한번 보러 간 적이 있거든요.
뮤지컬은 정말 유명한 레베카를 봤는데요.,뮤지컬은 정말 유명한 레베카를 봤는데요.
이제 친구가 서울에 놀러오는 기념으로 이 자기 친구가,이제 친구가 서울에 놀러오는 기념으로 이 자기 친구가
뮤지컬 쪽에서 일을 하고 있기 때문에 옥주현 씨가 나오는,뮤지컬 쪽에서 일을 하고 있기 때문에 옥주현 씨가 나오는
그 뮤지컬 그기 정말 인기가 많은데 그 표를 어렵게 구해서,그 뮤지컬 거기 정말 인기가 많은데 그 표를 어렵게 구해서
저를 데리고 가주더라구요.,저를 데리고 가주더라구요.
사람들이 옥주현 옥주현이라는,사람들이 옥주현 옥주현이라는
말을 마이 들었는데 저는 처음에는 이제 신영숙 배우님이,말을 많이 들었는데 저는 처음에는 이제 신영숙 배우님이
목소리 성량도 크고 발음이 정확하기 때문에 쫌,목소리 성량도 크고 발음이 정확하기 때문에 조금
선호하는 경향이 있다고 해서,선호하는 경향이 있다고 해서
전 사실 그렇게 막 기대를 하고 가진 않았는데,전 사실 그렇게 막 기대를 하고 가진 않았는데
옥주현 님 성량이 너무 좋더라구요.,옥주현 님 성량이 너무 좋더라구요.
뒤쪽에 있어도 가사 하나하나가 잘 들어오고,뒤쪽에 있어도 가사 하나하나가 잘 들어오고
목소리가 진짜 쪼그마게 들린 게 아니라 바로 내 귀 옆에서 노래하는 것처럼 정말 풍부하게,목소리가 진짜 쪼그마게 들린 게 아니라 바로 내 귀 옆에서 노래하는 것처럼 정말 풍부하게
울리더라구요.,울리더라구요.
그래서 저는,그래서 저는
종류는 안 가리고 이제 이것저것 많이 보기도 하고 많이 듣기도 합니다.,종류는 안 가리고 이제 이것저것 많이 보기도 하고 많이 듣기도 합니다.
요새 버스킹 공연을 많이 하는데 혹시 이런 문화에 대해서 어떻게 생각하세요?,요새 버스킹 공연을 많이 하는데 혹시 이런 문화에 대해서 어떻게 생각하세요?
제 생각은 버스킹 하는 거 자체가 굉장히,제 생각은 버스킹 하는 거 자체가 굉장히
좋은 거라고 생각을 하고 일단,좋은 거라고 생각을 하고 일단
콘서트나 공연 같은 걸 직접 이제 공연장에 찾아가야,콘서트나 공연 같은 걸 직접 이제 공연장에 찾아가야
하는 게 약간 좀 쉽지 않은 사람들이 되게 많은데,하는 게 약간 좀 쉽지 않은 사람들이 되게 많은데
이제 뭐~ 유명하지 않더라도 약간 좋은 노래를,이제 뭐~ 유명하지 않더라도 약간 좋은 노래를
직접 들을 수 있는 기회 중에 하나라고 생각을 하고,직접 들을 수 있는 기회 중에 하나라고 생각을 하고
오히려 약간 몰랐던 음악 장르를,오히려 약간 몰랐던 음악 장르를
약간 버스킹 하는 거 직접 이제 지나가면서 버스킹을 하고 있는 걸 보면은,약간 버스킹 하는 거 직접 이제 지나가면서 버스킹을 하고 있는 걸 보면은
아~ 생각지도 못하는 약간 노래 장르나,아~ 생각지도 못하는 약간 노래 장르나
평소에 좋아하지 않던 노래들이라도,평소에 좋아하지 않던 노래들이라도
약간 직접 들으면은 생각이나 사고가 쫌 바뀌는 경우가 있을 거라고 생각을 해서,약간 직접 들으면은 생각이나 사고가 조금 바뀌는 경우가 있을 거라고 생각을 해서
버스킹 문화는 그래도 뭐~ 직접 들을 수 있는,버스킹 문화는 그래도 뭐~ 직접 들을 수 있는
기회기도 하니까 제 생각은 굉장히 좋은 문화인 거 같습니다 오히려,기회기도 하니까 제 생각은 굉장히 좋은 문화인 거 같습니다 오히려
그냥 길거리에서 하는 거기 때문에 어떤 제재를 들어갈 수 있는,그냥 길거리에서 하는 거기 때문에 어떤 제재를 들어갈 수 있는
경우도 있다고 보는데,경우도 있다고 보는데
그런 거는 어찌 보면 하나의 문화로도,그런 거는 어찌 보면 하나의 문화로도
문화로도 생길 수 있고 약간,문화로도 생길 수 있고 약간
좋은 방면이 되게 많은 거 같아서,좋은 방면이 되게 많은 거 같아서
제재보다는 오히려 약간 활성화를 시키는 게,제재보다는 오히려 약간 활성화를 시키는 게
좋지 않나라고 생각이 듭니다.,좋지 않나라고 생각이 듭니다.
어~ 직접 버스킹 하는 걸 보신 적이 있으신가요?,어~ 직접 버스킹 하는 걸 보신 적이 있으신가요?
아니면은,아니면은
마찬가지로 버스킹 문화에 대해서 어떻게 생각하시는지 궁금함,마찬가지로 버스킹 문화에 대해서 어떻게 생각하시는지 궁금함
요즘은 이제 부산에 가도 많이,요즘은 이제 부산에 가도 많이
어~ 창원에도 많이 있어서 이제 지나다니다가,어~ 창원에도 많이 있어서 이제 지나다니다가
한 번씩 잘 들리는 편이지만,한 번씩 잘 들리는 편이지만
제가 처음 버스킹을 접할 때쯤이 그 스무 살 초반 때였는데,제가 처음 버스킹을 접할 때쯤이 그 스무 살 초반 때였는데
그때 친구를 보러 갔다가,그때 친구를 보러 갔다가
이제 삼청동 골목길에서 처음 들었었거든요.,이제 삼청동 골목길에서 처음 들었었거든요.
처음에는 누가 이 추운 날에 저렇게 서가지고 노래를 하나 싶어가지구,처음에는 누가 이 추운 날에 저렇게 서가지고 노래를 하나 싶어가지구
예 처음엔  재밌고 별생각도 없었지만 일단 들어봤는데,예 처음엔  재밌고 별생각도 없었지만 일단 들어봤는데
그 노래가 익숙하지 않고 모르는 노래여서 끝나고 나서 누구 노래냐고 하니까,그 노래가 익숙하지 않고 모르는 노래여서 끝나고 나서 누구 노래냐고 하니까
본인 자작곡이라고 하더라구요.,본인 자작곡이라고 하더라구요.
그러면서 자기는 노래를 너무 하고 싶은데,그러면서 자기는 노래를 너무 하고 싶은데
노래를 할 만한 곳이 마땅치 않고,노래를 할 만한 곳이 마땅치 않고
이제 금전적인 부분이 쫌 부족해가지고,이제 금전적인 부분이 조금 부족해가지고
부득이하게,부득이하게
길에서 공연을 하고 있다하시더라구요.,길에서 공연을 하고 있다하시더라구요.
그거를 보고 저는 그냥 쪼끔,그거를 보고 저는 그냥 쪼끔
웃기기도 하고 저기에서 왜 저러나 싶어서,웃기기도 하고 저기에서 왜 저러나 싶어서
차라리 공연장 같은 게 있는데 왜 길에서 하나 싶어가지구 별로 좋게 보지는 않았는데,차라리 공연장 같은 게 있는데 왜 길에서 하나 싶어가지구 별로 좋게 보지는 않았는데
또 열심히 하시는 분이기도 하고,또 열심히 하시는 분이기도 하고
이제 본인이 곡까지 직접 썼다고 하니까 정말 신기하더라구요.,이제 본인이 곡까지 직접 썼다고 하니까 정말 신기하더라구요.
그래서 그때부터는 이제 버스킹 공연을 이제 지나가지 않고 한 번씩 한 곡씩은 듣고 가는 편인데요.,그래서 그때부터는 이제 버스킹 공연을 이제 지나가지 않고 한 번씩 한 곡씩은 듣고 가는 편인데요.
그 기억에 남는 버스킹 공연 중에 하나가,그 기억에 남는 버스킹 공연 중에 하나가
악기를 이용한 건데 이제 보통 말하는 그 기타 같은 게 아니구요.,악기를 이용한 건데 이제 보통 말하는 그 기타 같은 게 아니구요.
타락 드럼인가 해가지구,타락 드럼인가 해가지구
대구 동성로 쪽에서 드럼을 치듯이 공연을 하는데,대구 동성로 쪽에서 드럼을 치듯이 공연을 하는데
이게 드럼을 가지고 하는 게 아니라 뭐~ 지나가다가 볼 수 있는 통,이게 드럼을 가지고 하는 게 아니라 뭐~ 지나가다가 볼 수 있는 통
아니면 그릇 같은 걸로 쳐가지구 연주를 하더라구요.,아니면 그릇 같은 걸로 쳐가지구 연주를 하더라구요.
그런 공연도 너무 색다르고 재밌고 그 사람들이 거기에서 호응까지 잘해주면은,그런 공연도 너무 색다르고 재밌고 그 사람들이 거기에서 호응까지 잘해주면은
분위기까지 타서 웬만한,분위기까지 타서 웬만한
콘서트 공연 같은 거 쫌 부럽지 않게 즐길 수 있더라구요.,콘서트 공연 같은 거 조금 부럽지 않게 즐길 수 있더라구요.
그리구 한번은 또 바이올린을 키는 분을 봤는데요.,그리고 한번은 또 바이올린을 키는 분을 봤는데요.
바이올린을 너무 잘 쳐서 그분을 제가 동영상도 찍어왔었어요 근데,바이올린을 너무 잘 쳐서 그분을 제가 동영상도 찍어왔었어요 근데
제가 보통 보면은 이제 노래를 잘 부르시는 분도 있지만 잘 못 부르면서,제가 보통 보면은 이제 노래를 잘 부르시는 분도 있지만 잘 못 부르면서
이제 보컬 학원에 다니는 사람들이,이제 보컬 학원에 다니는 사람들이
이제 서면이나 이런 곳에서 이제 학원가 근처에서,이제 서면이나 이런 곳에서 이제 학원가 근처에서
쫌 연습하듯이  무대가 익숙해지도록 하는 경우도 있더라구요.,조금 연습하듯이  무대가 익숙해지도록 하는 경우도 있더라구요.
그런 부분은 진짜 쫌 소음 같이 들릴 때도 있고 했는데,그런 부분은 진짜 조금 소음 같이 들릴 때도 있고 했는데
진짜 그 사운드도 웅장하고 노래를 부르는 것보다,진짜 그 사운드도 웅장하고 노래를 부르는 것보다
웅장하고 해서 쫌 더 재밌게 봐지는 거 같구요.,웅장하고 해서 조금 더 재밌게 봐지는 거 같구요.
근데 아래에는 그런 버스킹이 없어서 쪼끔 아쉽기도 하고,근데 아래에는 그런 버스킹이 없어서 쪼끔 아쉽기도 하고
버스킹 문화 자체는 정말 좋은 거 같은데,버스킹 문화 자체는 정말 좋은 거 같은데
버스킹을 정말 노래를 좋아하는 사람들이 아니라,버스킹을 정말 노래를 좋아하는 사람들이 아니라
요새는 쫌 페이스북이나 이런 데에 이제,요새는 조금 페이스북이나 이런 데에 이제
동영상 올리고 쪼끔 좋아요 받고 홍보할려는 목적으로,동영상 올리고 쪼끔 좋아요 받고 홍보할려는 목적으로
하거나 아니면 쫌 장난처럼 하시는 분들이 종종 있더라구요.,하거나 아니면 조금 장난처럼 하시는 분들이 종종 있더라구요.
그리구 나오면서 최소한,그리구 나오면서 최소한
쫌 노래를 이제 잘 가다듬고 이 어 노래가 어떤 노래인지,조금 노래를 이제 잘 가다듬고 이 어 노래가 어떤 노래인지
뭐~ 가사 같은 경우는 쪼끔 외워서 와야 될 거 같은데,뭐~ 가사 같은 경우는 쪼끔 외워서 와야 될 거 같은데
그냥 와가지구 그냥,그냥 와가지구 그냥
대충 부르고 가는 것 같은 분들도 있어서,대충 부르고 가는 것 같은 분들도 있어서
버스킹 문화는 되게 좋은데,버스킹 문화는 되게 좋은데
쪼끔 사람들이 쫌 진지하게 이제 진짜 음악적으로 보고 공연으로 봐서,쪼끔 사람들이 조금 진지하게 이제 진짜 음악적으로 보고 공연으로 봐서
쫌 더 진지하게,조금 더 진지하게
쫌 임해줬으면 좋겠다는 생각도 하구요.,조금 임해줬으면 좋겠다는 생각도 하구요.
근데 쫌 흥의 민족이라는 말이 있듯이,근데 조금 흥의 민족이라는 말이 있듯이
길거리를 다니면서 생각지도 못하게,길거리를 다니면서 생각지도 못하게
이제 좋은 노래가 들리거나 악기 연주가 들려온다는 거는,이제 좋은 노래가 들리거나 악기 연주가 들려온다는 거는
아직까지 쪼끔 재밌고 살만한 거 같아가지구,아직까지 쪼끔 재밌고 살만한 거 같아가지구
버스킹 문화 자체는 굉장히 좋다고 생각합니다.,버스킹 문화 자체는 굉장히 좋다고 생각합니다.
혹시 지역 축제 중에 자주 가는 축제가 있다거나,혹시 지역 축제 중에 자주 가는 축제가 있다거나
기억에 남는 지역 축제가 있으신가요?,기억에 남는 지역 축제가 있으신가요?
저는 또 대구에서만 계속,저는 또 대구에서만 계속
지내와서 어디 따른 지역으로 놀러간,지내와서 어디 다른 지역으로 놀러간
놀러간 적이 거의 없어서  축제에,놀러간 적이 거의 없어서  축제에
어떤 지역에 어떤 축제가 있는지도 잘 모르고 보통,어떤 지역에 어떤 축제가 있는지도 잘 모르고 보통
어디 여행 가는 거를 좋아하는 편이 아니어서 어디 축제가 있다고 들어도 아~ 그냥,어디 여행 가는 거를 좋아하는 편이 아니어서 어디 축제가 있다고 들어도 아~ 그냥
티비로만 보거나,티비로만 보거나
아니면 유튜브에 들어가서 뭐~ 축제 있는 영상을 가끔씩 보는 거 외에는,아니면 유튜브에 들어가서 뭐~ 축제 있는 영상을 가끔씩 보는 거 외에는
직접 체험하거나 본 경험은 없었던 거 같습니다.,직접 체험하거나 본 경험은 없었던 거 같습니다.
혹시 축제 같은 걸 가보신 경험 있으신가요?,혹시 축제 같은 걸 가보신 경험 있으신가요?
저는 어머니께서 꽃을 좋아하셔가지구,저는 어머니께서 꽃을 좋아하셔가지구
국화 축제 같은 경우에는 매년 보는 편인데,국화 축제 같은 경우에는 매년 보는 편인데
지금은 코로나 때문에 못 봐서 아쉽지만,지금은 코로나 때문에 못 봐서 아쉽지만
매년 가는 축제가 이제,매년 가는 축제가 이제
마산에 있는 가고파섬 국화 축제구요.,마산에 있는 가고파섬 국화 축제구요.
뭐~ 국화 축제를 한 번 더 보러 거제도도 간 적이 있었고,뭐~ 국화 축제를 한 번 더 보러 거제도도 간 적이 있었고
꽃 축제 위주는 거의 참관하는 거 같아요.,꽃 축제 위주는 거의 참관하는 거 같아요.
벚꽃 축제 같은 경우에도 쫌 봄에만 느낄 수 있는,벚꽃 축제 같은 경우에도 조금 봄에만 느낄 수 있는
봄 느 봄 냄새나는 축제라고 생각해서,봄 느 봄 냄새나는 축제라고 생각해서
봄에도 벚꽃 축제도 잘 가고,봄에도 벚꽃 축제도 잘 가고
그다음에 가을에 있는,그다음에 가을에 있는
국화 축제도 가는데요.,국화 축제도 가는데요.
가면은 축제다 보니까 이제 꽃들과 함께 이제,가면은 축제다 보니까 이제 꽃들과 함께 이제
공연 같은 것도 많이 하고 먹거리도 많으니까 즐거운 추억을 쌓기 참 좋더라구요.,공연 같은 것도 많이 하고 먹거리도 많으니까 즐거운 추억을 쌓기 참 좋더라구요.
그래서 자주 가는 편이고,그래서 자주 가는 편이고
어~ 이제 유료화되고 난,어~ 이제 유료화되고 난
아직 안 가봤는데 진주에 유등 축제라고 해서,아직 안 가봤는데 진주에 유등 축제라고 해서
이제 진주에 있는 남강에다가 유등을 둥둥 띄우는 축제가 있어요.,이제 진주에 있는 남강에다가 유등을 둥둥 띄우는 축제가 있어요.
이게 일반적으로 그냥 전구가 내는 빛이 아니라,이게 일반적으로 그냥 전구가 내는 빛이 아니라
그냥 조형된 캐릭터들이 있는,그냥 조형된 캐릭터들이 있는
예쁜,예쁜
조명이라고 해야 되나 되게 유등이 너무 예쁘고 작품이어가지구,조명이라고 해야 되나 되게 유등이 너무 예쁘고 작품이어가지구
지나가는 반짝반짝 빛나는 작품을 보는 재미여가지구,지나가는 반짝반짝 빛나는 작품을 보는 재미여가지구
유등 축제도 예전에는 자주 갔었구요.,유등 축제도 예전에는 자주 갔었구요.
그리고 매화 철이 되면은,그리고 매화 철이 되면은
하동 악양 쪽에 가면 최참판댁,하동 악양 쪽에 가면 최참판댁
이라는 곳이 있거든요 이런 곳에서 이제 매화 축제를 즐기기도 하고,이라는 곳이 있거든요 이런 곳에서 이제 매화 축제를 즐기기도 하고
화개 장터가 열리면은 그쪽으로 가서 그 지역에 그 모습을 보면서,화개 장터가 열리면은 그쪽으로 가서 그 지역에 그 모습을 보면서
이제 그쪽에 문화를 쫌 즐기기도 하구요.,이제 그쪽에 문화를 조금 즐기기도 하구요.
저는 다음에 기회가 되면은,저는 다음에 기회가 되면은
저 이쪽에 강원도에서 산천어 축제가 한다고 하더라구요.,저 이쪽에 강원도에서 산천어 축제가 한다고 하더라구요.
이게 산천어를 놔두고 이제 잡아서 이제 학대 논란이 있기도 하지만,이게 산천어를 놔두고 이제 잡아서 이제 학대 논란이 있기도 하지만
일단 살아있는 생물,일단 살아있는 생물
생물과 함께하는 축제를 잘 안 가봐가지구 한번 가보고 싶은 부분이 있고,생물과 함께하는 축제를 잘 안 가봐가지구 한번 가보고 싶은 부분이 있고
가보고 싶은 축제 중에 하나가 미더덕 축제인데요.,가보고 싶은 축제 중에 하나가 미더덕 축제인데요.
미더덕 축제는 마산에 있는 진동이라는 지역에서 하는데,미더덕 축제는 마산에 있는 진동이라는 지역에서 하는데
같은 창원이면서도 제가 아직까지 가본 적이 없거든요.,같은 창원이면서도 제가 아직까지 가본 적이 없거든요.
그래가지고 여기 가면은 축제 때 불꽃놀이도 한다고 해서,그래가지고 여기 가면은 축제 때 불꽃놀이도 한다고 해서
재밌어 보여서 한번 가보고 싶구,재밌어 보여서 한번 가보고 싶구
가고 싶은 축제가 있는 반면에 쫌 가기 싫은 축제가 하나 있는데요.,가고 싶은 축제가 있는 반면에 조금 가기 싫은 축제가 하나 있는데요.
여의도 붙꽃놀이 축제나 광안리 불꽃놀이 축제는,여의도 붙꽃놀이 축제나 광안리 불꽃놀이 축제는
이제 사람들 많이 모이고 그게 예쁘긴 예쁘지만,이제 사람들 많이 모이고 그게 예쁘긴 예쁘지만
사람들이 너무 모여서 숨쉬기도 힘들고,사람들이 너무 모여서 숨쉬기도 힘들고
그게 끝나고 나면 뭔가 쪼끔 폭죽처럼 한때 아름답고 허무한 느낌이 들어서,그게 끝나고 나면 뭔가 쪼끔 폭죽처럼 한때 아름답고 허무한 느낌이 들어서
이제 여의로 불꽃 축제나,이제 여의로 불꽃 축제나
아니면 광안리 불꽃 축제는,아니면 광안리 불꽃 축제는
가고 싶은 편이 아닌 거 같아요 아~ 그리고 대구에 사신다 하셨는데,가고 싶은 편이 아닌 거 같아요 아~ 그리고 대구에 사신다 하셨는데
대구에 이랜드 빛 축제라는 게 있더라구요.,대구에 이랜드 빛 축제라는 게 있더라구요.
이케 쫌 연인들끼리 많이 가는 거 같은데,이렇게 조금 연인들끼리 많이 가는 거 같은데
코로나 끝나면 이 빛 축제 열 때 이랜드도 한번 가가지구,코로나 끝나면 이 빛 축제 열 때 이랜드도 한번 가가지구
놀이기구도 타고,놀이기구도 타고
빛 축제도 한번 즐여보고 싶습니다.,빛 축제도 한번 즐여보고 싶습니다.
혹시 다음에 가고 싶은 공연이 있다면 어떤 공연이 있을까요?,혹시 다음에 가고 싶은 공연이 있다면 어떤 공연이 있을까요?
어~ 저는,어~ 저는
저는 그 인디 밴드 중에 쫌,저는 그 인디 밴드 중에 조금
많이 유명하다고 할 수도 있는,많이 유명하다고 할 수도 있는
스탠딩 에그 콘서트를 꼭 한번 가보고 싶고,스탠딩 에그 콘서트를 꼭 한번 가보고 싶고
그 외에는 네 스탠딩 에그나 아니면 다른,그 외에는 네 스탠딩 에그나 아니면 다른
인디 밴드,인디 밴드
콘서트가 코로나 끝나면 있다면 꼭,콘서트가 코로나 끝나면 있다면 꼭
참여를 해보고 싶습니다.,참여를 해보고 싶습니다.
